"osm_id","ort","plz","bundesland","PLZ_Int"
1104550,"Aach","78267","Baden-Württemberg",78267
1255910,"Aach","54298","Rheinland-Pfalz",54298
62564,"Aachen","52062","Nordrhein-Westfalen",52062
62564,"Aachen","52064","Nordrhein-Westfalen",52064
62564,"Aachen","52066","Nordrhein-Westfalen",52066
62564,"Aachen","52068","Nordrhein-Westfalen",52068
62564,"Aachen","52070","Nordrhein-Westfalen",52070
62564,"Aachen","52072","Nordrhein-Westfalen",52072
62564,"Aachen","52074","Nordrhein-Westfalen",52074
62564,"Aachen","52076","Nordrhein-Westfalen",52076
62564,"Aachen","52078","Nordrhein-Westfalen",52078
62564,"Aachen","52080","Nordrhein-Westfalen",52080
915486,"Aalen","73430","Baden-Württemberg",73430
915486,"Aalen","73431","Baden-Württemberg",73431
915486,"Aalen","73432","Baden-Württemberg",73432
915486,"Aalen","73433","Baden-Württemberg",73433
915486,"Aalen","73434","Baden-Württemberg",73434
413109,"Aarbergen","65326","Hessen",65326
448770,"Aasbüttel","25560","Schleswig-Holstein",25560
158409,"Abenberg","91183","Bayern",91183
956651,"Abensberg","93326","Bayern",93326
1244276,"Abentheuer","55767","Rheinland-Pfalz",55767
1015097,"Absberg","91720","Bayern",91720
410485,"Abstatt","74232","Baden-Württemberg",74232
2389084,"Abtsbessingen","99713","Thüringen",99713
915445,"Abtsgmünd","73453","Baden-Württemberg",73453
537061,"Abtsteinach","69518","Hessen",69518
283691,"Abtswind","97355","Bayern",97355
1244067,"Abtweiler","55568","Rheinland-Pfalz",55568
2806596,"Achberg","88147","Baden-Württemberg",88147
452972,"Achern","77855","Baden-Württemberg",77855
1182036,"Achim","28832","Niedersachsen",28832
959175,"Achslach","94250","Bayern",94250
2801019,"Achstetten","88480","Baden-Württemberg",88480
548033,"Acht","56729","Rheinland-Pfalz",56729
1246405,"Achtelsbach","55767","Rheinland-Pfalz",55767
548502,"Achterwehr","24239","Schleswig-Holstein",24239
1417214,"Achtrup","25917","Schleswig-Holstein",25917
2825844,"Adelberg","73099","Baden-Württemberg",73099
1399100,"Adelebsen","37139","Niedersachsen",37139
1796300,"Adelheidsdorf","29352","Niedersachsen",29352
915446,"Adelmannsfelden","73486","Baden-Württemberg",73486
943553,"Adelschlag","85111","Bayern",85111
1016518,"Adelsdorf","91325","Bayern",91325
403733,"Adelsheim","74740","Baden-Württemberg",74740
534077,"Adelshofen","91587","Bayern",91587
933549,"Adelshofen","82276","Bayern",82276
452562,"Adelsried","86477","Bayern",86477
163655,"Adelzhausen","86559","Bayern",86559
1060416,"Adenau","53518","Rheinland-Pfalz",53518
1246784,"Adenbach","67742","Rheinland-Pfalz",67742
1363679,"Adenbüttel","38528","Niedersachsen",38528
1392133,"Adendorf","21365","Niedersachsen",21365
191347,"Adlkofen","84166","Bayern",84166
391131,"Admannshagen-Bargeshagen","18211","Mecklenburg-Vorpommern",18211
443610,"Adorf","08626","Sachsen",8626
448016,"Aebtissinwisch","25572","Schleswig-Holstein",25572
1169356,"Aerzen","31855","Niedersachsen",31855
405290,"Affalterbach","71563","Baden-Württemberg",71563
393482,"Affing","86444","Bayern",86444
1992924,"Affinghausen","27257","Niedersachsen",27257
1171872,"Affler","54689","Rheinland-Pfalz",54689
445842,"Agathenburg","21684","Niedersachsen",21684
448765,"Agethorst","25560","Schleswig-Holstein",25560
403747,"Aglasterhausen","74858","Baden-Württemberg",74858
191355,"Aham","84168","Bayern",84168
162877,"Ahaus","48683","Nordrhein-Westfalen",48683
965596,"Ahausen","27367","Niedersachsen",27367
1408072,"Ahlbeck","17375","Mecklenburg-Vorpommern",17375
1808860,"Ahlden","29693","Niedersachsen",29693
548612,"Ahlefeld-Bistensee","24358","Schleswig-Holstein",24358
152285,"Ahlen","59227","Nordrhein-Westfalen",59227
152285,"Ahlen","59229","Nordrhein-Westfalen",59229
446435,"Ahlerstedt","21702","Niedersachsen",21702
2409456,"Ahlsdorf","06313","Sachsen-Anhalt",6313
1273264,"Ahlstädt","98553","Thüringen",98553
530915,"Ahnatal","34292","Hessen",34292
1145086,"Ahneby","24996","Schleswig-Holstein",24996
1797682,"Ahnsbeck","29353","Niedersachsen",29353
1169362,"Ahnsen","31708","Niedersachsen",31708
959667,"Aholfing","94345","Bayern",94345
959803,"Aholming","94527","Bayern",94527
401808,"Ahorn","74744","Baden-Württemberg",74744
956872,"Ahorn","96482","Bayern",96482
1071012,"Ahorntal","95491","Bayern",95491
1021829,"Ahrbrück","53506","Rheinland-Pfalz",53506
382442,"Ahrensbök","23623","Schleswig-Holstein",23623
453746,"Ahrensburg","22926","Schleswig-Holstein",22926
1318349,"Ahrensfelde","16356","Brandenburg",16356
374204,"Ahrenshagen-Daskow","18320","Mecklenburg-Vorpommern",18320
1406816,"Ahrenshöft","25853","Schleswig-Holstein",25853
374244,"Ahrenshoop","18347","Mecklenburg-Vorpommern",18347
1406979,"Ahrenviöl","25885","Schleswig-Holstein",25885
1406977,"Ahrenviölfeld","24896","Schleswig-Holstein",24896
1406977,"Ahrenviölfeld","25885","Schleswig-Holstein",25885
161897,"Aichach","86551","Bayern",86551
958122,"Aicha vorm Wald","94529","Bayern",94529
2792688,"Aichelberg","73101","Baden-Württemberg",73101
935172,"Aichen","86479","Bayern",86479
943754,"Aichhalden","78733","Baden-Württemberg",78733
2806735,"Aichstetten","88317","Baden-Württemberg",88317
2796466,"Aichtal","72631","Baden-Württemberg",72631
2792901,"Aichwald","73773","Baden-Württemberg",73773
958099,"Aidenbach","94501","Bayern",94501
388769,"Aidhausen","97491","Bayern",97491
722153,"Aidlingen","71134","Baden-Württemberg",71134
956660,"Aiglsbach","84089","Bayern",84089
535001,"Ailertchen","56459","Rheinland-Pfalz",56459
162453,"Aindling","86447","Bayern",86447
941761,"Ainring","83404","Bayern",83404
956819,"Aislingen","89344","Bayern",89344
959661,"Aiterhofen","94330","Bayern",94330
1244183,"Aitern","79677","Baden-Württemberg",79677
2806736,"Aitrach","88319","Baden-Württemberg",88319
447974,"Aitrang","87648","Bayern",87648
1329407,"Aken (Elbe)","06385","Sachsen-Anhalt",6385
1329407,"Aken (Elbe)","06386","Sachsen-Anhalt",6386
1284770,"Aland","39615","Sachsen-Anhalt",39615
2186953,"Albaching","83544","Bayern",83544
2786234,"Albbruck","79774","Baden-Württemberg",79774
423032,"Albersdorf","25767","Schleswig-Holstein",25767
2778355,"Albersdorf","07646","Thüringen",7646
2792707,"Albershausen","73095","Baden-Württemberg",73095
1252774,"Albersweiler","76857","Rheinland-Pfalz",76857
283563,"Albertshofen","97320","Bayern",97320
1246578,"Albessen","66871","Rheinland-Pfalz",66871
1248583,"Albig","55234","Rheinland-Pfalz",55234
1254398,"Albisheim (Pfrimm)","67308","Rheinland-Pfalz",67308
1471102,"Albsfelde","23909","Schleswig-Holstein",23909
2779017,"Albstadt","72458","Baden-Württemberg",72458
2779017,"Albstadt","72459","Baden-Württemberg",72459
2779017,"Albstadt","72461","Baden-Württemberg",72461
158407,"Aldenhoven","52457","Nordrhein-Westfalen",52457
958104,"Aldersbach","94501","Bayern",94501
1231975,"Aldingen","78554","Baden-Württemberg",78554
962467,"Alerheim","86733","Bayern",86733
1015138,"Alesheim","91793","Bayern",91793
568238,"Aletshausen","86480","Bayern",86480
1269727,"Alf","56859","Rheinland-Pfalz",56859
401623,"Alfdorf","73553","Baden-Württemberg",73553
401623,"Alfdorf","73655","Baden-Württemberg",73655
966167,"Alfeld","91236","Bayern",91236
1168905,"Alfeld (Leine)","31061","Niedersachsen",31061
1821138,"Alfhausen","49594","Niedersachsen",49594
1269816,"Alflen","56828","Rheinland-Pfalz",56828
1079020,"Alfstedt","27432","Niedersachsen",27432
172095,"Alfter","53347","Nordrhein-Westfalen",53347
91859,"Algermissen","31191","Niedersachsen",31191
238961,"Alheim","36211","Hessen",36211
546611,"Alken","56332","Rheinland-Pfalz",56332
396563,"Alkersleben","99310","Thüringen",99310
1428588,"Alkersum","25938","Schleswig-Holstein",25938
1245131,"Allenbach","55758","Rheinland-Pfalz",55758
443591,"Allendorf","35108","Hessen",35108
539713,"Allendorf","56370","Rheinland-Pfalz",56370
1273287,"Allendorf","07426","Thüringen",7426
418611,"Allendorf (Lumda)","35469","Hessen",35469
1244219,"Allenfeld","55595","Rheinland-Pfalz",55595
2784841,"Allensbach","78476","Baden-Württemberg",78476
158406,"Allersberg","90584","Bayern",90584
30015,"Allershausen","85391","Bayern",85391
2801344,"Alleshausen","88422","Baden-Württemberg",88422
933491,"Alling","82239","Bayern",82239
445854,"Allmannshofen","86695","Bayern",86695
2801315,"Allmannsweiler","88348","Baden-Württemberg",88348
2803631,"Allmendingen","89604","Baden-Württemberg",89604
400939,"Allmersbach im Tal","71573","Baden-Württemberg",71573
2397385,"Allstedt","06542","Sachsen-Anhalt",6542
1567454,"Almdorf","25821","Schleswig-Holstein",25821
418894,"Almersbach","57610","Rheinland-Pfalz",57610
58618,"Alpen","46519","Nordrhein-Westfalen",46519
453150,"Alpenrod","57642","Rheinland-Pfalz",57642
453150,"Alpenrod","57647","Rheinland-Pfalz",57647
2411295,"Alperstedt","99195","Thüringen",99195
935834,"Alpirsbach","72275","Baden-Württemberg",72275
532368,"Alsbach","56237","Rheinland-Pfalz",56237
452415,"Alsbach-Hähnlein","64665","Hessen",64665
157993,"Alsdorf","52477","Nordrhein-Westfalen",52477
422316,"Alsdorf","57518","Rheinland-Pfalz",57518
1163504,"Alsdorf","54668","Rheinland-Pfalz",54668
1253873,"Alsenz","67821","Rheinland-Pfalz",67821
418327,"Alsfeld","36304","Hessen",36304
1248686,"Alsheim","67577","Rheinland-Pfalz",67577
1332300,"Alsleben","06425","Sachsen-Anhalt",6425
2792885,"Altbach","73776","Baden-Württemberg",73776
1157542,"Alt Bennebek","24848","Schleswig-Holstein",24848
394333,"Alt Bukow","18233","Mecklenburg-Vorpommern",18233
1322902,"Altdöbern","03229","Brandenburg",3229
190875,"Altdorf","84032","Bayern",84032
722061,"Altdorf","71155","Baden-Württemberg",71155
902680,"Altdorf","72655","Baden-Württemberg",72655
1252492,"Altdorf","67482","Rheinland-Pfalz",67482
966164,"Altdorf bei Nürnberg","90518","Bayern",90518
548573,"Alt Duvenstedt","24782","Schleswig-Holstein",24782
548573,"Alt Duvenstedt","24791","Schleswig-Holstein",24791
548573,"Alt Duvenstedt","24811","Schleswig-Holstein",24811
1438081,"Altefähr","18573","Mecklenburg-Vorpommern",18573
964628,"Alteglofsheim","93087","Bayern",93087
168547,"Altena","58762","Nordrhein-Westfalen",58762
1021826,"Altenahr","53505","Rheinland-Pfalz",53505
1244034,"Altenbamberg","55585","Rheinland-Pfalz",55585
148072,"Altenbeken","33184","Nordrhein-Westfalen",33184
455484,"Altenberg","01773","Sachsen",1773
455484,"Altenberg","01778","Sachsen",1778
2458400,"Altenberga","07768","Thüringen",7768
155779,"Altenberge","48341","Nordrhein-Westfalen",48341
1273353,"Altenbeuthen","07338","Thüringen",7338
394512,"Altenbuch","97901","Bayern",97901
1263721,"Altenburg","04600","Thüringen",4600
537133,"Altendiez","65624","Rheinland-Pfalz",65624
962080,"Altendorf","92540","Bayern",92540
1077529,"Altendorf","96146","Bayern",96146
1263905,"Altenfeld","98701","Thüringen",98701
1246622,"Altenglan","66885","Rheinland-Pfalz",66885
2876347,"Altengottern","99991","Thüringen",99991
1427896,"Altenhagen","17091","Mecklenburg-Vorpommern",17091
1286652,"Altenhausen","39343","Sachsen-Anhalt",39343
554562,"Altenhof","24340","Schleswig-Holstein",24340
1424152,"Altenhof","17209","Mecklenburg-Vorpommern",17209
554747,"Altenholz","24161","Schleswig-Holstein",24161
1252363,"Altenkirchen","66903","Rheinland-Pfalz",66903
1437950,"Altenkirchen","18556","Mecklenburg-Vorpommern",18556
418895,"Altenkirchen (Westerwald)","57610","Rheinland-Pfalz",57610
382409,"Altenkrempe","23730","Schleswig-Holstein",23730
1026858,"Altenkunstadt","96264","Bayern",96264
941639,"Altenmarkt an der Alz","83352","Bayern",83352
1460228,"Altenmedingen","29575","Niedersachsen",29575
447188,"Altenmoor","25335","Schleswig-Holstein",25335
452561,"Altenmünster","86450","Bayern",86450
374185,"Altenpleen","18445","Mecklenburg-Vorpommern",18445
2796467,"Altenriet","72657","Baden-Württemberg",72657
450108,"Altenstadt","63674","Hessen",63674
936742,"Altenstadt","86972","Bayern",86972
941073,"Altenstadt","89281","Bayern",89281
1059433,"Altenstadt a.d.Waldnaab","92665","Bayern",92665
1174479,"Altensteig","72213","Baden-Württemberg",72213
964624,"Altenthann","93177","Bayern",93177
1427888,"Altentreptow","17087","Mecklenburg-Vorpommern",17087
1204726,"Alterkülz","56288","Rheinland-Pfalz",56288
2829503,"Altersbach","98587","Thüringen",98587
180669,"Altertheim","97237","Bayern",97237
191496,"Altfraunhofen","84169","Bayern",84169
933521,"Althegnenberg","82278","Bayern",82278
2802280,"Altheim","88499","Baden-Württemberg",88499
2803632,"Altheim","89605","Baden-Württemberg",89605
2790973,"Altheim (Alb)","89174","Baden-Württemberg",89174
933498,"Althengstett","75382","Baden-Württemberg",75382
1250687,"Althornbach","66484","Rheinland-Pfalz",66484
400938,"Althütte","71566","Baden-Württemberg",71566
1318343,"Althüttendorf","16247","Brandenburg",16247
2020631,"Altkalen","17179","Mecklenburg-Vorpommern",17179
2778468,"Altkirchen","04626","Thüringen",4626
1451540,"Alt Krenzlin","19288","Mecklenburg-Vorpommern",19288
1332946,"Altlandsberg","15345","Brandenburg",15345
1269719,"Altlay","56858","Rheinland-Pfalz",56858
1249748,"Altleiningen","67316","Rheinland-Pfalz",67316
1249748,"Altleiningen","67317","Rheinland-Pfalz",67317
453415,"Altlußheim","68804","Baden-Württemberg",68804
943548,"Altmannstein","93336","Bayern",93336
1284744,"Altmärkische Höhe","39606","Sachsen-Anhalt",39606
1284744,"Altmärkische Höhe","39615","Sachsen-Anhalt",39615
1284749,"Altmärkische Wische","39615","Sachsen-Anhalt",39615
1444893,"Alt Meteln","19069","Mecklenburg-Vorpommern",19069
414485,"Altmittweida","09648","Sachsen",9648
1467346,"Alt Mölln","23881","Schleswig-Holstein",23881
167317,"Altomünster","85250","Bayern",85250
942029,"Altötting","84503","Bayern",84503
1259135,"Altrich","54518","Rheinland-Pfalz",54518
418402,"Altrip","67122","Rheinland-Pfalz",67122
1171858,"Altscheid","54636","Rheinland-Pfalz",54636
1424389,"Alt Schwerin","17214","Mecklenburg-Vorpommern",17214
2808120,"Altshausen","88361","Baden-Württemberg",88361
1269731,"Altstrimmig","56858","Rheinland-Pfalz",56858
1996945,"Alt Sührkow","17166","Mecklenburg-Vorpommern",17166
1427539,"Alt Tellin","17129","Mecklenburg-Vorpommern",17129
1332921,"Alt Tucheband","15328","Brandenburg",15328
957781,"Altusried","87452","Bayern",87452
1408065,"Altwarp","17375","Mecklenburg-Vorpommern",17375
1241628,"Altweidelbach","55469","Rheinland-Pfalz",55469
1410793,"Altwigshagen","17379","Mecklenburg-Vorpommern",17379
1451533,"Alt Zachun","19230","Mecklenburg-Vorpommern",19230
1388877,"Alt Zauche-Wußwerk","15913","Brandenburg",15913
442764,"Alveslohe","25486","Schleswig-Holstein",25486
534148,"Alzenau","63755","Bayern",63755
902672,"Alzey","55232","Rheinland-Pfalz",55232
62772,"Amberg","92224","Bayern",92224
958187,"Amberg","86854","Bayern",86854
1846190,"Amelinghausen","21385","Niedersachsen",21385
2156163,"Amerang","83123","Bayern",83123
962454,"Amerdingen","86735","Bayern",86735
1286625,"Am Großen Bruch","39393","Sachsen-Anhalt",39393
1171847,"Ammeldingen an der Our","54675","Rheinland-Pfalz",54675
1171880,"Ammeldingen bei Neuerburg","54673","Rheinland-Pfalz",54673
176780,"Am Mellensee","15838","Brandenburg",15838
2778907,"Ammerbuch","72119","Baden-Württemberg",72119
1016395,"Ammerndorf","90614","Bayern",90614
312038,"Ammersbek","22949","Schleswig-Holstein",22949
1028553,"Ammerthal","92260","Bayern",92260
2799906,"Am Ohmberg","37345","Thüringen",37345
225501,"Amöneburg","35287","Hessen",35287
393471,"Amorbach","63916","Bayern",63916
941001,"Ampfing","84539","Bayern",84539
394330,"Am Salzhaff","18233","Mecklenburg-Vorpommern",18233
2770608,"Amstetten","73340","Baden-Württemberg",73340
1851834,"Amt Neuhaus","19273","Niedersachsen",19273
422409,"Amtsberg","09439","Sachsen",9439
2666038,"Amt Wachsenburg","99334","Thüringen",99334
2808296,"Amtzell","88279","Baden-Württemberg",88279
932296,"Andechs","82346","Bayern",82346
1079012,"Anderlingen","27446","Niedersachsen",27446
541666,"Andernach","56626","Rheinland-Pfalz",56626
2402486,"An der Poststraße","06647","Sachsen-Anhalt",6647
2006684,"Andervenne","49832","Niedersachsen",49832
2411239,"Andisleben","99189","Thüringen",99189
453373,"Angelbachtal","74918","Baden-Württemberg",74918
225487,"Angelburg","35719","Hessen",35719
396220,"Angelroda","99338","Thüringen",99338
941791,"Anger","83454","Bayern",83454
1334084,"Angermünde","16278","Brandenburg",16278
1286657,"Angern","39326","Sachsen-Anhalt",39326
1286657,"Angern","39517","Sachsen-Anhalt",39517
444701,"Anhausen","56584","Rheinland-Pfalz",56584
1424417,"Ankershagen","17219","Mecklenburg-Vorpommern",17219
1432550,"Anklam","17389","Mecklenburg-Vorpommern",17389
1817198,"Ankum","49577","Niedersachsen",49577
536625,"Annaberg-Buchholz","09456","Sachsen",9456
2283775,"Annaburg","06925","Sachsen-Anhalt",6925
1252764,"Annweiler am Trifels","76855","Rheinland-Pfalz",76855
153400,"Anröchte","59609","Nordrhein-Westfalen",59609
2896623,"Anrode","99976","Thüringen",99976
62654,"Ansbach","91522","Bayern",91522
548034,"Anschau","56729","Rheinland-Pfalz",56729
936943,"Antdorf","82387","Bayern",82387
418326,"Antrifttal","36326","Hessen",36326
1060412,"Antweiler","53533","Rheinland-Pfalz",53533
929824,"Anzing","85646","Bayern",85646
1176599,"Apelern","31552","Niedersachsen",31552
1187347,"Apen","26689","Niedersachsen",26689
1285614,"Apenburg-Winterfeld","38486","Sachsen-Anhalt",38486
446434,"Apensen","21641","Niedersachsen",21641
932427,"Apfeldorf","86974","Bayern",86974
957119,"Apfeltrach","87742","Bayern",87742
2856439,"Apolda","99510","Thüringen",99510
278581,"Appel","21279","Niedersachsen",21279
443484,"Appen","25482","Schleswig-Holstein",25482
1245804,"Appenheim","55437","Rheinland-Pfalz",55437
452982,"Appenweier","77767","Baden-Württemberg",77767
1075157,"Arbach","56769","Rheinland-Pfalz",56769
534392,"Arberg","91722","Bayern",91722
1060418,"Aremberg","53533","Rheinland-Pfalz",53533
1285588,"Arendsee (Altmark)","39619","Sachsen-Anhalt",39619
1259126,"Arenrath","54518","Rheinland-Pfalz",54518
2395853,"Arenshausen","37318","Thüringen",37318
943712,"Aresing","86561","Bayern",86561
548036,"Arft","56729","Rheinland-Pfalz",56729
2806737,"Argenbühl","88260","Baden-Württemberg",88260
1244212,"Argenschwang","55595","Rheinland-Pfalz",55595
1241484,"Argenthal","55496","Rheinland-Pfalz",55496
2011073,"Arholzen","37627","Niedersachsen",37627
423046,"Arkebek","25767","Schleswig-Holstein",25767
1405506,"Arlewatt","25860","Schleswig-Holstein",25860
1248409,"Armsheim","55288","Rheinland-Pfalz",55288
423191,"Armstedt","24616","Schleswig-Holstein",24616
1527157,"Armstorf","21769","Niedersachsen",21769
959155,"Arnbruck","93471","Bayern",93471
1284740,"Arneburg","39596","Sachsen-Anhalt",39596
1145353,"Arnis","24399","Schleswig-Holstein",24399
157396,"Arnsberg","59755","Nordrhein-Westfalen",59755
157396,"Arnsberg","59757","Nordrhein-Westfalen",59757
157396,"Arnsberg","59759","Nordrhein-Westfalen",59759
157396,"Arnsberg","59821","Nordrhein-Westfalen",59821
157396,"Arnsberg","59823","Nordrhein-Westfalen",59823
959922,"Arnschwang","93473","Bayern",93473
1307625,"Arnsdorf","01477","Sachsen",1477
534472,"Arnshöfen","56244","Rheinland-Pfalz",56244
393582,"Arnstadt","99310","Thüringen",99310
336476,"Arnstein","97450","Bayern",97450
2408603,"Arnstein","06456","Sachsen-Anhalt",6456
957058,"Arnstorf","94424","Bayern",94424
553601,"Arpsdorf","24634","Schleswig-Holstein",24634
959919,"Arrach","93474","Bayern",93474
2387266,"Artern/Unstrut","06556","Thüringen",6556
1388559,"Artlenburg","21380","Niedersachsen",21380
535686,"Arzbach","56337","Rheinland-Pfalz",56337
534446,"Arzberg","04886","Sachsen",4886
1022878,"Arzberg","95659","Bayern",95659
1113734,"Arzfeld","54687","Rheinland-Pfalz",54687
443469,"Asbach","53567","Rheinland-Pfalz",53567
1245096,"Asbach","55758","Rheinland-Pfalz",55758
562971,"Asbach-Bäumenheim","86663","Bayern",86663
2813820,"Asbach-Sickenberg","37318","Thüringen",37318
959656,"Ascha","94347","Bayern",94347
62532,"Aschaffenburg","63739","Bayern",63739
62532,"Aschaffenburg","63741","Bayern",63741
62532,"Aschaffenburg","63743","Bayern",63743
941055,"Aschau am Inn","84544","Bayern",84544
2186909,"Aschau im Chiemgau","83229","Bayern",83229
1246671,"Aschbach","67753","Rheinland-Pfalz",67753
157717,"Ascheberg","59387","Nordrhein-Westfalen",59387
310405,"Ascheberg","24326","Schleswig-Holstein",24326
548614,"Ascheffel","24358","Schleswig-Holstein",24358
2831105,"Aschenhausen","98634","Thüringen",98634
79801,"Aschersleben","06449","Sachsen-Anhalt",6449
2168238,"Aschheim","85609","Bayern",85609
306573,"Asendorf","21271","Niedersachsen",21271
1461193,"Asendorf","27330","Niedersachsen",27330
400932,"Aspach","71546","Baden-Württemberg",71546
405809,"Asperg","71679","Baden-Württemberg",71679
1239627,"Aspisheim","55459","Rheinland-Pfalz",55459
402686,"Assamstadt","97959","Baden-Württemberg",97959
2791715,"Asselfingen","89176","Baden-Württemberg",89176
215977,"Aßlar","35614","Hessen",35614
929921,"Aßling","85617","Bayern",85617
453151,"Astert","57627","Rheinland-Pfalz",57627
163178,"Attendorn","57439","Nordrhein-Westfalen",57439
540056,"Attenhausen","56370","Rheinland-Pfalz",56370
956663,"Attenhofen","84091","Bayern",84091
29830,"Attenkirchen","85395","Bayern",85395
2801345,"Attenweiler","88448","Baden-Württemberg",88448
959671,"Atting","94348","Bayern",94348
453152,"Atzelgift","57629","Rheinland-Pfalz",57629
1946230,"Au","79280","Baden-Württemberg",79280
907190,"Au am Rhein","76474","Baden-Württemberg",76474
162693,"Aub","97239","Bayern",97239
387526,"Aubstadt","97633","Bayern",97633
1269806,"Auderath","56766","Rheinland-Pfalz",56766
419002,"Aue","08280","Sachsen",8280
539909,"Auel","56357","Rheinland-Pfalz",56357
1244153,"Auen","55569","Rheinland-Pfalz",55569
1263898,"Auengrund","98673","Thüringen",98673
400935,"Auenwald","71549","Baden-Württemberg",71549
444398,"Auerbach","08209","Sachsen",8209
536016,"Auerbach","09392","Sachsen",9392
959825,"Auerbach","94530","Bayern",94530
1028547,"Auerbach in der Oberpfalz","91275","Bayern",91275
1169353,"Auetal","31749","Niedersachsen",31749
966625,"Aufhausen","93089","Bayern",93089
1070999,"Aufseß","91347","Bayern",91347
1965078,"Auggen","79424","Baden-Württemberg",79424
62407,"Augsburg","86150","Bayern",86150
62407,"Augsburg","86152","Bayern",86152
62407,"Augsburg","86153","Bayern",86153
62407,"Augsburg","86154","Bayern",86154
62407,"Augsburg","86156","Bayern",86156
62407,"Augsburg","86157","Bayern",86157
62407,"Augsburg","86159","Bayern",86159
62407,"Augsburg","86161","Bayern",86161
62407,"Augsburg","86163","Bayern",86163
62407,"Augsburg","86165","Bayern",86165
62407,"Augsburg","86167","Bayern",86167
62407,"Augsburg","86169","Bayern",86169
62407,"Augsburg","86179","Bayern",86179
62407,"Augsburg","86199","Bayern",86199
142752,"Augustdorf","32832","Nordrhein-Westfalen",32832
378773,"Augustusburg","09573","Sachsen",9573
1182471,"Auhagen","31553","Niedersachsen",31553
962601,"Auhausen","86736","Bayern",86736
29823,"Au in der Hallertau","84072","Bayern",84072
556088,"Aukrug","24613","Schleswig-Holstein",24613
2808122,"Aulendorf","88326","Baden-Württemberg",88326
537134,"Aull","65582","Rheinland-Pfalz",65582
2783122,"Auma-Weidatal","07955","Thüringen",7955
324694,"Aumühle","21521","Schleswig-Holstein",21521
383696,"Aura a.d.Saale","97717","Bayern",97717
534187,"Aurach","91589","Bayern",91589
1016525,"Aurachtal","91086","Bayern",91086
349932,"Aura im Sinngrund","97773","Bayern",97773
898628,"Aurich","26603","Niedersachsen",26603
898628,"Aurich","26605","Niedersachsen",26605
898628,"Aurich","26607","Niedersachsen",26607
1149284,"Ausacker","24975","Schleswig-Holstein",24975
1286666,"Ausleben","39393","Sachsen-Anhalt",39393
959813,"Außernzell","94532","Bayern",94532
450514,"Auufer","25548","Schleswig-Holstein",25548
1162782,"Auw an der Kyll","54664","Rheinland-Pfalz",54664
1108037,"Auw bei Prüm","54597","Rheinland-Pfalz",54597
1418654,"Aventoft","25927","Schleswig-Holstein",25927
938073,"Averlak","25715","Schleswig-Holstein",25715
904552,"Axstedt","27729","Niedersachsen",27729
539953,"Aying","85653","Bayern",85653
1256023,"Ayl","54441","Rheinland-Pfalz",54441
443333,"Aystetten","86482","Bayern",86482
1437797,"Baabe","18586","Mecklenburg-Vorpommern",18586
161965,"Baar","86674","Bayern",86674
548035,"Baar","56729","Rheinland-Pfalz",56729
387301,"Baar-Ebenhausen","85107","Bayern",85107
452387,"Babenhausen","64832","Hessen",64832
958621,"Babenhausen","87727","Bayern",87727
2186910,"Babensham","83547","Bayern",83547
966624,"Bach an der Donau","93090","Bayern",93090
1239652,"Bacharach","55422","Rheinland-Pfalz",55422
418891,"Bachenberg","57610","Rheinland-Pfalz",57610
1273185,"Bachfeld","96528","Thüringen",96528
955236,"Bachhagel","89429","Bayern",89429
956749,"Bächingen a.d.Brenz","89431","Bayern",89431
165637,"Backnang","71522","Baden-Württemberg",71522
956650,"Bad Abbach","93077","Bayern",93077
2186911,"Bad Aibling","83043","Bayern",83043
1022866,"Bad Alexandersbad","95680","Bayern",95680
162356,"Bad Arolsen","34454","Hessen",34454
937778,"Bad Bayersoien","82435","Bayern",82435
1130288,"Bad Bellingen","79415","Baden-Württemberg",79415
540424,"Bad Belzig","14806","Brandenburg",14806
1272230,"Bad Bentheim","48455","Niedersachsen",48455
1817279,"Badbergen","49635","Niedersachsen",49635
1252824,"Bad Bergzabern","76887","Rheinland-Pfalz",76887
2856985,"Bad Berka","99438","Thüringen",99438
1891507,"Bad Berleburg","57319","Nordrhein-Westfalen",57319
1070989,"Bad Berneck im Fichtelgebirge","95460","Bayern",95460
1269808,"Bad Bertrich","56864","Rheinland-Pfalz",56864
1460241,"Bad Bevensen","29549","Niedersachsen",29549
2402429,"Bad Bibra","06647","Sachsen-Anhalt",6647
957047,"Bad Birnbach","84364","Bayern",84364
1273350,"Bad Blankenburg","07422","Thüringen",7422
383699,"Bad Bocklet","97708","Bayern",97708
1250039,"Bad Bodenteich","29389","Niedersachsen",29389
2792631,"Bad Boll","73087","Baden-Württemberg",73087
443526,"Bad Brambach","08648","Sachsen",8648
423223,"Bad Bramstedt","24576","Schleswig-Holstein",24576
1022829,"Bad Breisig","53498","Rheinland-Pfalz",53498
384270,"Bad Brückenau","97769","Bayern",97769
2801316,"Bad Buchau","88422","Baden-Württemberg",88422
324314,"Bad Camberg","65520","Hessen",65520
1270319,"Bad Colberg-Heldburg","98663","Thüringen",98663
1432674,"Baddeckenstedt","38271","Niedersachsen",38271
2772178,"Bad Ditzenbach","73312","Baden-Württemberg",73312
2772178,"Bad Ditzenbach","73342","Baden-Württemberg",73342
2772178,"Bad Ditzenbach","73345","Baden-Württemberg",73345
394348,"Bad Doberan","18209","Mecklenburg-Vorpommern",18209
148591,"Bad Driburg","33014","Nordrhein-Westfalen",33014
445993,"Bad Düben","04849","Sachsen",4849
907045,"Bad Dürkheim","67098","Rheinland-Pfalz",67098
2405940,"Bad Dürrenberg","06231","Sachsen-Anhalt",6231
1242133,"Bad Dürrheim","78073","Baden-Württemberg",78073
1182505,"Bad Eilsen","31707","Niedersachsen",31707
443527,"Bad Elster","08645","Sachsen",8645
1140558,"Badem","54657","Rheinland-Pfalz",54657
535689,"Bad Ems","56130","Rheinland-Pfalz",56130
453738,"Bad Emstal","34308","Hessen",34308
62340,"Baden-Baden","76530","Baden-Württemberg",76530
62340,"Baden-Baden","76532","Baden-Württemberg",76532
62340,"Baden-Baden","76534","Baden-Württemberg",76534
225491,"Bad Endbach","35080","Hessen",35080
532398,"Badendorf","23619","Schleswig-Holstein",23619
2186912,"Bad Endorf","83093","Bayern",83093
1182320,"Badenhard","56291","Rheinland-Pfalz",56291
1245782,"Badenheim","55576","Rheinland-Pfalz",55576
311915,"Badenweiler","79410","Baden-Württemberg",79410
1819247,"Bad Essen","49152","Niedersachsen",49152
1808964,"Bad Fallingbostel","29683","Niedersachsen",29683
2186913,"Bad Feilnbach","83075","Bayern",83075
2388467,"Bad Frankenhausen/Kyffhäuser","06567","Thüringen",6567
1332952,"Bad Freienwalde (Oder)","16259","Brandenburg",16259
409716,"Bad Friedrichshall","74177","Baden-Württemberg",74177
958089,"Bad Füssing","94072","Bayern",94072
163003,"Bad Gandersheim","37581","Niedersachsen",37581
534518,"Bad Gottleuba-Berggießhübel","01816","Sachsen",1816
958091,"Bad Griesbach i.Rottal","94086","Bayern",94086
958686,"Bad Grönenbach","87730","Bayern",87730
1416141,"Bad Grund","37539","Niedersachsen",37539
1421451,"Bad Harzburg","38667","Niedersachsen",38667
935232,"Bad Heilbrunn","83670","Bayern",83670
309849,"Bad Herrenalb","76332","Baden-Württemberg",76332
275075,"Bad Hersfeld","36251","Hessen",36251
958126,"Bad Hindelang","87541","Bayern",87541
338875,"Bad Homburg v. d. Höhe","61348","Hessen",61348
338875,"Bad Homburg v. d. Höhe","61350","Hessen",61350
338875,"Bad Homburg v. d. Höhe","61352","Hessen",61352
173112,"Bad Honnef","53604","Nordrhein-Westfalen",53604
444290,"Bad Hönningen","53547","Rheinland-Pfalz",53547
444290,"Bad Hönningen","53557","Rheinland-Pfalz",53557
1819469,"Bad Iburg","49186","Niedersachsen",49186
1112227,"Bad Karlshafen","34385","Hessen",34385
383698,"Bad Kissingen","97688","Bayern",97688
1515589,"Bad Kleinen","23996","Mecklenburg-Vorpommern",23996
2778356,"Bad Klosterlausnitz","07639","Thüringen",7639
937894,"Bad Kohlgrub","82433","Bayern",82433
451777,"Bad König","64732","Hessen",64732
387529,"Bad Königshofen im Grabfeld","97631","Bayern",97631
2501390,"Bad Köstritz","07586","Thüringen",7586
959885,"Bad Kötzting","93444","Bayern",93444
611084,"Bad Kreuznach","55543","Rheinland-Pfalz",55543
611084,"Bad Kreuznach","55545","Rheinland-Pfalz",55545
611084,"Bad Kreuznach","55583","Rheinland-Pfalz",55583
1959388,"Bad Krozingen","79189","Baden-Württemberg",79189
163247,"Bad Laasphe","57334","Nordrhein-Westfalen",57334
1418992,"Bad Laer","49196","Niedersachsen",49196
2874751,"Bad Langensalza","99947","Thüringen",99947
422335,"Bad Lausick","04651","Sachsen",4651
1416144,"Bad Lauterberg","37431","Niedersachsen",37431
2498094,"Bad Liebenstein","36448","Thüringen",36448
1328907,"Bad Liebenwerda","04895","Brandenburg",4895
1328907,"Bad Liebenwerda","04924","Brandenburg",4924
1328907,"Bad Liebenwerda","04931","Brandenburg",4931
911760,"Bad Liebenzell","75378","Baden-Württemberg",75378
148066,"Bad Lippspringe","33175","Nordrhein-Westfalen",33175
2179147,"Bad Lobenstein","07356","Thüringen",7356
451701,"Bad Marienberg (Westerwald)","56470","Rheinland-Pfalz",56470
402687,"Bad Mergentheim","97980","Baden-Württemberg",97980
367045,"Bad Münder am Deister","31848","Niedersachsen",31848
158145,"Bad Münstereifel","53902","Nordrhein-Westfalen",53902
1310515,"Bad Muskau","02953","Sachsen",2953
167408,"Bad Nauheim","61231","Hessen",61231
1169366,"Bad Nenndorf","31542","Niedersachsen",31542
378389,"Bad Neuenahr-Ahrweiler","53474","Rheinland-Pfalz",53474
387466,"Bad Neustadt an der Saale","97616","Bayern",97616
144930,"Bad Oeynhausen","32545","Nordrhein-Westfalen",32545
144930,"Bad Oeynhausen","32547","Nordrhein-Westfalen",32547
144930,"Bad Oeynhausen","32549","Nordrhein-Westfalen",32549
532325,"Bad Oldesloe","23843","Schleswig-Holstein",23843
535933,"Bad Orb","63619","Hessen",63619
452986,"Bad Peterstal-Griesbach","72250","Baden-Württemberg",72250
452986,"Bad Peterstal-Griesbach","77740","Baden-Württemberg",77740
1184314,"Bad Pyrmont","31812","Niedersachsen",31812
410526,"Bad Rappenau","74906","Baden-Württemberg",74906
941794,"Bad Reichenhall","83435","Bayern",83435
935831,"Bad Rippoldsau-Schapbach","77776","Baden-Württemberg",77776
956804,"Bad Rodach","96476","Bayern",96476
1086003,"Bad Rothenfelde","49214","Niedersachsen",49214
1384831,"Bad Saarow","15526","Brandenburg",15526
1416156,"Bad Sachsa","37441","Niedersachsen",37441
2787775,"Bad Säckingen","79713","Baden-Württemberg",79713
1168892,"Bad Salzdetfurth","31162","Niedersachsen",31162
454867,"Bad Salzschlirf","36364","Hessen",36364
142623,"Bad Salzuflen","32105","Nordrhein-Westfalen",32105
142623,"Bad Salzuflen","32107","Nordrhein-Westfalen",32107
142623,"Bad Salzuflen","32108","Nordrhein-Westfalen",32108
2874389,"Bad Salzungen","36433","Thüringen",36433
153518,"Bad Sassendorf","59505","Nordrhein-Westfalen",59505
2805478,"Bad Saulgau","88348","Baden-Württemberg",88348
534534,"Bad Schandau","01814","Sachsen",1814
419001,"Bad Schlema","08301","Sachsen",8301
1327705,"Bad Schmiedeberg","06905","Sachsen-Anhalt",6905
659810,"Bad Schönborn","76669","Baden-Württemberg",76669
2801317,"Bad Schussenried","88427","Baden-Württemberg",88427
1734859,"Bad Schwalbach","65307","Hessen",65307
382446,"Bad Schwartau","23611","Schleswig-Holstein",23611
442912,"Bad Segeberg","23795","Schleswig-Holstein",23795
1244160,"Bad Sobernheim","55566","Rheinland-Pfalz",55566
414829,"Bad Soden","65812","Hessen",65812
535936,"Bad Soden-Salmünster","63628","Hessen",63628
549414,"Bad Sooden-Allendorf","37242","Hessen",37242
1026857,"Bad Staffelstein","96231","Bayern",96231
1021713,"Bad Steben","95138","Bayern",95138
2856440,"Bad Sulza","99510","Thüringen",99510
2856440,"Bad Sulza","99518","Thüringen",99518
372885,"Bad Sülze","18334","Mecklenburg-Vorpommern",18334
2816590,"Bad Tabarz","99891","Thüringen",99891
1183355,"Bad Teinach-Zavelstein","75385","Baden-Württemberg",75385
2895776,"Bad Tennstedt","99955","Thüringen",99955
935181,"Bad Tölz","83646","Bayern",83646
2772179,"Bad Überkingen","73337","Baden-Württemberg",73337
2774073,"Bad Urach","72574","Baden-Württemberg",72574
450123,"Bad Vilbel","61118","Hessen",61118
2806787,"Bad Waldsee","88339","Baden-Württemberg",88339
935946,"Bad Wiessee","83707","Bayern",83707
310068,"Bad Wildbad","75323","Baden-Württemberg",75323
443584,"Bad Wildungen","34537","Hessen",34537
1289819,"Bad Wilsnack","19336","Brandenburg",19336
410469,"Bad Wimpfen","74206","Baden-Württemberg",74206
357057,"Bad Windsheim","91438","Bayern",91438
445544,"Bad Wörishofen","86825","Bayern",86825
146471,"Bad Wünnenberg","33181","Nordrhein-Westfalen",33181
2806738,"Bad Wurzach","88410","Baden-Württemberg",88410
452203,"Bad Zwesten","34596","Hessen",34596
1186777,"Bad Zwischenahn","26160","Niedersachsen",26160
157991,"Baesweiler","52499","Nordrhein-Westfalen",52499
1124266,"Bahlingen","79353","Baden-Württemberg",79353
1446642,"Bahrdorf","38459","Niedersachsen",38459
1675310,"Bahrenborstel","27245","Niedersachsen",27245
447344,"Bahrenfleth","25569","Schleswig-Holstein",25569
422815,"Bahrenhof","23845","Schleswig-Holstein",23845
534517,"Bahretal","01819","Sachsen",1819
2808123,"Baienfurt","88255","Baden-Württemberg",88255
191657,"Baierbach","84171","Bayern",84171
929705,"Baierbrunn","82065","Bayern",82065
929923,"Baiern","85625","Bayern",85625
935839,"Baiersbronn","72270","Baden-Württemberg",72270
1016531,"Baiersdorf","91083","Bayern",91083
2808297,"Baindt","88255","Baden-Württemberg",88255
445503,"Baisweil","87650","Bayern",87650
1470112,"Bäk","23909","Schleswig-Holstein",23909
1398845,"Bakum","49456","Niedersachsen",49456
1465979,"Bälau","23881","Schleswig-Holstein",23881
958134,"Balderschwang","87538","Bayern",87538
1256078,"Baldringen","54314","Rheinland-Pfalz",54314
537135,"Balduinstein","65558","Rheinland-Pfalz",65558
1140565,"Balesfeld","54597","Rheinland-Pfalz",54597
1183253,"Balge","31609","Niedersachsen",31609
1231981,"Balgheim","78582","Baden-Württemberg",78582
2403546,"Balgstädt","06632","Sachsen-Anhalt",6632
2779376,"Balingen","72336","Baden-Württemberg",72336
446467,"Balje","21730","Niedersachsen",21730
2791016,"Ballendorf","89177","Baden-Württemberg",89177
158546,"Ballenstedt","06493","Sachsen-Anhalt",6493
2902811,"Ballhausen","99955","Thüringen",99955
276112,"Ballrechten-Dottingen","79282","Baden-Württemberg",79282
2818119,"Ballstädt","99869","Thüringen",99869
2856986,"Ballstedt","99439","Thüringen",99439
1451607,"Balow","19300","Mecklenburg-Vorpommern",19300
2792899,"Baltmannsweiler","73666","Baden-Württemberg",73666
897893,"Baltrum","26579","Niedersachsen",26579
168532,"Balve","58802","Nordrhein-Westfalen",58802
963831,"Balzhausen","86483","Bayern",86483
2801098,"Balzheim","88481","Baden-Württemberg",88481
62525,"Bamberg","96047","Bayern",96047
62525,"Bamberg","96049","Bayern",96049
62525,"Bamberg","96050","Bayern",96050
62525,"Bamberg","96052","Bayern",96052
453393,"Bammental","69245","Baden-Württemberg",69245
1433746,"Bandelin","17506","Mecklenburg-Vorpommern",17506
1451570,"Bandenitz","19230","Mecklenburg-Vorpommern",19230
1253822,"Bann","66851","Rheinland-Pfalz",66851
535124,"Bannberscheid","56424","Rheinland-Pfalz",56424
455481,"Bannewitz","01728","Sachsen",1728
449928,"Banzkow","19079","Mecklenburg-Vorpommern",19079
1252836,"Barbelroth","76889","Rheinland-Pfalz",76889
964619,"Barbing","93092","Bayern",93092
389267,"Barby","39240","Sachsen-Anhalt",39240
389267,"Barby","39249","Sachsen-Anhalt",39249
2673508,"Barchfeld-Immelborn","36456","Thüringen",36456
1708067,"Bardowick","21357","Niedersachsen",21357
1214569,"Bärenbach","55483","Rheinland-Pfalz",55483
1244080,"Bärenbach","55758","Rheinland-Pfalz",55758
1675311,"Barenburg","27245","Niedersachsen",27245
1944342,"Barendorf","21397","Niedersachsen",21397
536628,"Bärenstein","09471","Sachsen",9471
1231963,"Bärenthal","78580","Baden-Württemberg",78580
420612,"Bargenstedt","25704","Schleswig-Holstein",25704
453725,"Bargfeld-Stegen","23863","Schleswig-Holstein",23863
1432542,"Bargischow","17398","Mecklenburg-Vorpommern",17398
556603,"Bargstall","24806","Schleswig-Holstein",24806
446433,"Bargstedt","21698","Niedersachsen",21698
548556,"Bargstedt","24793","Schleswig-Holstein",24793
453723,"Bargteheide","22941","Schleswig-Holstein",22941
1416814,"Bargum","25842","Schleswig-Holstein",25842
422879,"Bark","23826","Schleswig-Holstein",23826
554540,"Barkelsby","24360","Schleswig-Holstein",24360
962312,"Barkenholm","25791","Schleswig-Holstein",25791
449883,"Barkhagen","19395","Mecklenburg-Vorpommern",19395
79776,"Barleben","39179","Sachsen-Anhalt",39179
418085,"Barlt","25719","Schleswig-Holstein",25719
310417,"Barmissen","24245","Schleswig-Holstein",24245
444140,"Barmstedt","25355","Schleswig-Holstein",25355
968892,"Bärnau","95671","Bayern",95671
1515585,"Barnekow","23968","Mecklenburg-Vorpommern",23968
449931,"Barnin","19089","Mecklenburg-Vorpommern",19089
532324,"Barnitz","23858","Schleswig-Holstein",23858
2396133,"Barnstädt","06268","Sachsen-Anhalt",6268
1846197,"Barnstedt","21406","Niedersachsen",21406
1461203,"Barnstorf","49406","Niedersachsen",49406
142694,"Barntrup","32683","Nordrhein-Westfalen",32683
251074,"Barsbek","24217","Schleswig-Holstein",24217
2073736,"Barsbüttel","22885","Schleswig-Holstein",22885
2012699,"Barsinghausen","30890","Niedersachsen",30890
1109688,"Barßel","26676","Niedersachsen",26676
156532,"Bartenshagen-Parkentin","18209","Mecklenburg-Vorpommern",18209
374297,"Barth","18356","Mecklenburg-Vorpommern",18356
2792054,"Bartholomä","73566","Baden-Württemberg",73566
1427891,"Bartow","17089","Mecklenburg-Vorpommern",17089
1246462,"Barum","29576","Niedersachsen",29576
1944505,"Barum","21357","Niedersachsen",21357
422443,"Baruth/Mark","15837","Brandenburg",15837
1588116,"Barver","49453","Niedersachsen",49453
1355542,"Barwedel","38476","Niedersachsen",38476
1060419,"Barweiler","53534","Rheinland-Pfalz",53534
1244156,"Bärweiler","55606","Rheinland-Pfalz",55606
330945,"Basberg","54578","Rheinland-Pfalz",54578
1079025,"Basdahl","27432","Niedersachsen",27432
1427277,"Basedow","17139","Mecklenburg-Vorpommern",17139
1467754,"Basedow","21483","Schleswig-Holstein",21483
548976,"Bassenheim","56220","Rheinland-Pfalz",56220
1461189,"Bassum","27211","Niedersachsen",27211
387412,"Bastheim","97654","Bayern",97654
1466113,"Basthorst","21493","Schleswig-Holstein",21493
394351,"Bastorf","18230","Mecklenburg-Vorpommern",18230
443589,"Battenberg","35088","Hessen",35088
1249676,"Battenberg (Pfalz)","67271","Rheinland-Pfalz",67271
1250692,"Battweiler","66484","Rheinland-Pfalz",66484
357013,"Baudenbach","91460","Bayern",91460
1060427,"Bauler","53534","Rheinland-Pfalz",53534
1171870,"Bauler","54673","Rheinland-Pfalz",54673
1959686,"Baumgarten","18246","Mecklenburg-Vorpommern",18246
1959686,"Baumgarten","18249","Mecklenburg-Vorpommern",18249
1245060,"Baumholder","55774","Rheinland-Pfalz",55774
1077543,"Baunach","96148","Bayern",96148
533536,"Baunatal","34225","Hessen",34225
1258631,"Bausendorf","54538","Rheinland-Pfalz",54538
1152671,"Baustert","54636","Rheinland-Pfalz",54636
1309674,"Bautzen","02625","Sachsen",2625
1809876,"Bawinkel","49844","Niedersachsen",49844
957056,"Bayerbach","94137","Bayern",94137
179066,"Bayerbach b. Ergoldsbach","84092","Bayern",84092
1253972,"Bayerfeld-Steckweiler","67808","Rheinland-Pfalz",67808
1253972,"Bayerfeld-Steckweiler","67822","Rheinland-Pfalz",67822
959173,"Bayerisch Eisenstein","94252","Bayern",94252
941795,"Bayerisch Gmain","83457","Bayern",83457
62640,"Bayreuth","95444","Bayern",95444
62640,"Bayreuth","95445","Bayern",95445
62640,"Bayreuth","95447","Bayern",95447
62640,"Bayreuth","95448","Bayern",95448
935962,"Bayrischzell","83735","Bayern",83735
422764,"Bebensee","23816","Schleswig-Holstein",23816
237802,"Bebra","36179","Hessen",36179
535693,"Becheln","56132","Rheinland-Pfalz",56132
1248567,"Bechenheim","55234","Rheinland-Pfalz",55234
1244063,"Becherbach","67827","Rheinland-Pfalz",67827
1244079,"Becherbach bei Kirn","55608","Rheinland-Pfalz",55608
534394,"Bechhofen","91572","Bayern",91572
1250670,"Bechhofen","66894","Rheinland-Pfalz",66894
1273278,"Bechstedt","07426","Thüringen",7426
2856987,"Bechstedtstraß","99428","Thüringen",99428
1248786,"Bechtheim","67595","Rheinland-Pfalz",67595
1248582,"Bechtolsheim","55234","Rheinland-Pfalz",55234
1059442,"Bechtsrieth","92699","Bayern",92699
446429,"Beckdorf","21643","Niedersachsen",21643
1176595,"Beckedorf","31699","Niedersachsen",31699
2012317,"Beckeln","27243","Niedersachsen",27243
1187156,"Beckingen","66701","Saarland",66701
152281,"Beckum","59269","Nordrhein-Westfalen",59269
168465,"Bedburg","50181","Nordrhein-Westfalen",50181
167967,"Bedburg-Hau","47551","Nordrhein-Westfalen",47551
1246630,"Bedesbach","66885","Rheinland-Pfalz",66885
1797683,"Beedenbostel","29355","Niedersachsen",29355
152282,"Beelen","48361","Nordrhein-Westfalen",48361
531653,"Beelitz","14547","Brandenburg",14547
1286629,"Beendorf","39343","Sachsen-Anhalt",39343
1384849,"Beeskow","15848","Brandenburg",15848
2006778,"Beesten","49832","Niedersachsen",49832
1285606,"Beetzendorf","38489","Sachsen-Anhalt",38489
967757,"Beetzsee","14778","Brandenburg",14778
967759,"Beetzseeheide","14778","Brandenburg",14778
1427229,"Beggerow","17111","Mecklenburg-Vorpommern",17111
1470175,"Behlendorf","23919","Schleswig-Holstein",23919
1406980,"Behrendorf","25850","Schleswig-Holstein",25850
1432583,"Behrenhoff","17498","Mecklenburg-Vorpommern",17498
2020632,"Behren-Lübchin","17179","Mecklenburg-Vorpommern",17179
288915,"Behrensdorf","24321","Schleswig-Holstein",24321
2410079,"Beichlingen","99625","Thüringen",99625
447772,"Beidenfleth","25573","Schleswig-Holstein",25573
1310862,"Beiersdorf","02736","Sachsen",2736
1332943,"Beiersdorf-Freudenberg","16259","Brandenburg",16259
1446650,"Beierstedt","38382","Niedersachsen",38382
1162783,"Beilingen","54662","Rheinland-Pfalz",54662
943535,"Beilngries","92339","Bayern",92339
534449,"Beilrode","04886","Sachsen",4886
410484,"Beilstein","71543","Baden-Württemberg",71543
410484,"Beilstein","71717","Baden-Württemberg",71717
1259304,"Beilstein","56814","Rheinland-Pfalz",56814
2789591,"Beimerstetten","89179","Baden-Württemberg",89179
422692,"Beindersheim","67259","Rheinland-Pfalz",67259
1270375,"Beinerstadt","98660","Thüringen",98660
1075137,"Beinhausen","54552","Rheinland-Pfalz",54552
448712,"Bekdorf","25554","Schleswig-Holstein",25554
448710,"Bekmünde","25524","Schleswig-Holstein",25524
1255940,"Bekond","54340","Rheinland-Pfalz",54340
310408,"Belau","24601","Schleswig-Holstein",24601
556122,"Beldorf","25557","Schleswig-Holstein",25557
556122,"Beldorf","25767","Schleswig-Holstein",25767
1245163,"Belg","56858","Rheinland-Pfalz",56858
2688685,"Belgern-Schildau","04874","Sachsen",4874
2688685,"Belgern-Schildau","04889","Sachsen",4889
420484,"Belgershain","04683","Sachsen",4683
1241629,"Belgweiler","55469","Rheinland-Pfalz",55469
544234,"Bell","56745","Rheinland-Pfalz",56745
941084,"Bellenberg","89287","Bayern",89287
1250392,"Bellheim","76756","Rheinland-Pfalz",76756
1204724,"Bell (Hunsrück)","56288","Rheinland-Pfalz",56288
535002,"Bellingen","56459","Rheinland-Pfalz",56459
2389085,"Bellstedt","99713","Thüringen",99713
1819474,"Belm","49191","Niedersachsen",49191
2826990,"Belrieth","98617","Thüringen",98617
1451581,"Belsch","19230","Mecklenburg-Vorpommern",19230
1204718,"Beltheim","56290","Rheinland-Pfalz",56290
1527084,"Belum","21785","Niedersachsen",21785
2796103,"Bempflingen","72658","Baden-Württemberg",72658
280521,"Bendestorf","21227","Niedersachsen",21227
165535,"Bendfeld","24217","Schleswig-Holstein",24217
541667,"Bendorf","56170","Rheinland-Pfalz",56170
556117,"Bendorf","25557","Schleswig-Holstein",25557
935269,"Benediktbeuern","83671","Bayern",83671
1258636,"Bengel","54538","Rheinland-Pfalz",54538
1451499,"Bengerstorf","19258","Mecklenburg-Vorpommern",19258
394325,"Benitz","18258","Mecklenburg-Vorpommern",18258
2409457,"Benndorf","06308","Sachsen-Anhalt",6308
422921,"Bennewitz","04828","Sachsen",4828
1254069,"Bennhausen","67808","Rheinland-Pfalz",67808
958685,"Benningen","87734","Bayern",87734
405840,"Benningen am Neckar","71726","Baden-Württemberg",71726
964589,"Bensdorf","14789","Brandenburg",14789
1270648,"Benshausen","98554","Thüringen",98554
537055,"Bensheim","64625","Hessen",64625
393339,"Bentwisch","18182","Mecklenburg-Vorpommern",18182
393339,"Bentwisch","18184","Mecklenburg-Vorpommern",18184
1427537,"Bentzin","17129","Mecklenburg-Vorpommern",17129
1433093,"Benz","17429","Mecklenburg-Vorpommern",17429
1515588,"Benz","23970","Mecklenburg-Vorpommern",23970
1241478,"Benzweiler","55494","Rheinland-Pfalz",55494
965019,"Beratzhausen","93176","Bayern",93176
1028801,"Berching","92334","Bayern",92334
941837,"Berchtesgaden","83471","Bayern",83471
1075132,"Bereborn","56769","Rheinland-Pfalz",56769
1075158,"Berenbach","56766","Rheinland-Pfalz",56766
540444,"Berg","56357","Rheinland-Pfalz",56357
932489,"Berg","82335","Bayern",82335
1021686,"Berg","95180","Bayern",95180
1021827,"Berg","53505","Rheinland-Pfalz",53505
2808298,"Berg","88276","Baden-Württemberg",88276
2397458,"Berga","06536","Sachsen-Anhalt",6536
2786785,"Berga/Elster","07980","Thüringen",7980
289113,"Bergatreute","88368","Baden-Württemberg",88368
1028810,"Berg b.Neumarkt i.d.OPf.","92348","Bayern",92348
1289818,"Berge","19348","Brandenburg",19348
1808615,"Berge","49626","Niedersachsen",49626
444285,"Bergen","08239","Sachsen",8239
941749,"Bergen","83346","Bayern",83346
1015148,"Bergen","91790","Bayern",91790
1245120,"Bergen","55608","Rheinland-Pfalz",55608
1797917,"Bergen","29303","Niedersachsen",29303
1821916,"Bergen an der Dumme","29468","Niedersachsen",29468
1437544,"Bergen auf Rügen","18528","Mecklenburg-Vorpommern",18528
1241635,"Bergenhausen","55469","Rheinland-Pfalz",55469
1157800,"Bergenhusen","24861","Schleswig-Holstein",24861
952365,"Bergewöhrden","25779","Schleswig-Holstein",25779
1329536,"Bergfeld","38467","Niedersachsen",38467
452995,"Berghaupten","77791","Baden-Württemberg",77791
539714,"Berghausen","56368","Rheinland-Pfalz",56368
168469,"Bergheim","50126","Nordrhein-Westfalen",50126
168469,"Bergheim","50127","Nordrhein-Westfalen",50127
168469,"Bergheim","50129","Nordrhein-Westfalen",50129
943685,"Bergheim","86673","Bayern",86673
1407864,"Bergholz","17321","Mecklenburg-Vorpommern",17321
2788220,"Berghülen","89180","Baden-Württemberg",89180
943732,"Berg im Gau","86562","Bayern",86562
173103,"Bergisch Gladbach","51427","Nordrhein-Westfalen",51427
173103,"Bergisch Gladbach","51429","Nordrhein-Westfalen",51429
173103,"Bergisch Gladbach","51465","Nordrhein-Westfalen",51465
173103,"Bergisch Gladbach","51467","Nordrhein-Westfalen",51467
173103,"Bergisch Gladbach","51469","Nordrhein-Westfalen",51469
158457,"Bergkamen","59192","Nordrhein-Westfalen",59192
934458,"Bergkirchen","85232","Bayern",85232
1245059,"Berglangenbach","55776","Rheinland-Pfalz",55776
401646,"Berglen","73663","Baden-Württemberg",73663
934747,"Berglern","85459","Bayern",85459
1258425,"Berglicht","54426","Rheinland-Pfalz",54426
173857,"Bergneustadt","51702","Nordrhein-Westfalen",51702
1250483,"Berg (Pfalz)","76768","Rheinland-Pfalz",76768
318734,"Bergrheinfeld","97493","Bayern",97493
182322,"Bergtheim","97241","Bayern",97241
1259147,"Bergweiler","54518","Rheinland-Pfalz",54518
556099,"Beringstedt","25575","Schleswig-Holstein",25575
549415,"Berkatal","37297","Hessen",37297
2899666,"Berka vor dem Hainich","99826","Thüringen",99826
2885201,"Berka/Werra","99837","Thüringen",99837
1384819,"Berkenbrück","15518","Brandenburg",15518
1469273,"Berkenthin","23919","Schleswig-Holstein",23919
2801244,"Berkheim","88450","Baden-Württemberg",88450
1334101,"Berkholz-Meyenburg","16306","Brandenburg",16306
1171853,"Berkoth","54673","Rheinland-Pfalz",54673
62422,"Berlin","10115","Berlin",10115
62422,"Berlin","10117","Berlin",10117
62422,"Berlin","10119","Berlin",10119
62422,"Berlin","10178","Berlin",10178
62422,"Berlin","10179","Berlin",10179
62422,"Berlin","10243","Berlin",10243
62422,"Berlin","10245","Berlin",10245
62422,"Berlin","10247","Berlin",10247
62422,"Berlin","10249","Berlin",10249
62422,"Berlin","10315","Berlin",10315
62422,"Berlin","10317","Berlin",10317
62422,"Berlin","10318","Berlin",10318
62422,"Berlin","10319","Berlin",10319
62422,"Berlin","10365","Berlin",10365
62422,"Berlin","10367","Berlin",10367
62422,"Berlin","10369","Berlin",10369
62422,"Berlin","10405","Berlin",10405
62422,"Berlin","10407","Berlin",10407
62422,"Berlin","10409","Berlin",10409
62422,"Berlin","10435","Berlin",10435
62422,"Berlin","10437","Berlin",10437
62422,"Berlin","10439","Berlin",10439
62422,"Berlin","10551","Berlin",10551
62422,"Berlin","10553","Berlin",10553
62422,"Berlin","10555","Berlin",10555
62422,"Berlin","10557","Berlin",10557
62422,"Berlin","10559","Berlin",10559
62422,"Berlin","10585","Berlin",10585
62422,"Berlin","10587","Berlin",10587
62422,"Berlin","10589","Berlin",10589
62422,"Berlin","10623","Berlin",10623
62422,"Berlin","10625","Berlin",10625
62422,"Berlin","10627","Berlin",10627
62422,"Berlin","10629","Berlin",10629
62422,"Berlin","10707","Berlin",10707
62422,"Berlin","10709","Berlin",10709
62422,"Berlin","10711","Berlin",10711
62422,"Berlin","10713","Berlin",10713
62422,"Berlin","10715","Berlin",10715
62422,"Berlin","10717","Berlin",10717
62422,"Berlin","10719","Berlin",10719
62422,"Berlin","10777","Berlin",10777
62422,"Berlin","10779","Berlin",10779
62422,"Berlin","10781","Berlin",10781
62422,"Berlin","10783","Berlin",10783
62422,"Berlin","10785","Berlin",10785
62422,"Berlin","10787","Berlin",10787
62422,"Berlin","10789","Berlin",10789
62422,"Berlin","10823","Berlin",10823
62422,"Berlin","10825","Berlin",10825
62422,"Berlin","10827","Berlin",10827
62422,"Berlin","10829","Berlin",10829
62422,"Berlin","10961","Berlin",10961
62422,"Berlin","10963","Berlin",10963
62422,"Berlin","10965","Berlin",10965
62422,"Berlin","10967","Berlin",10967
62422,"Berlin","10969","Berlin",10969
62422,"Berlin","10997","Berlin",10997
62422,"Berlin","10999","Berlin",10999
62422,"Berlin","12043","Berlin",12043
62422,"Berlin","12045","Berlin",12045
62422,"Berlin","12047","Berlin",12047
62422,"Berlin","12049","Berlin",12049
62422,"Berlin","12051","Berlin",12051
62422,"Berlin","12053","Berlin",12053
62422,"Berlin","12055","Berlin",12055
62422,"Berlin","12057","Berlin",12057
62422,"Berlin","12059","Berlin",12059
62422,"Berlin","12099","Berlin",12099
62422,"Berlin","12101","Berlin",12101
62422,"Berlin","12103","Berlin",12103
62422,"Berlin","12105","Berlin",12105
62422,"Berlin","12107","Berlin",12107
62422,"Berlin","12109","Berlin",12109
62422,"Berlin","12157","Berlin",12157
62422,"Berlin","12159","Berlin",12159
62422,"Berlin","12161","Berlin",12161
62422,"Berlin","12163","Berlin",12163
62422,"Berlin","12165","Berlin",12165
62422,"Berlin","12167","Berlin",12167
62422,"Berlin","12169","Berlin",12169
62422,"Berlin","12203","Berlin",12203
62422,"Berlin","12205","Berlin",12205
62422,"Berlin","12207","Berlin",12207
62422,"Berlin","12209","Berlin",12209
62422,"Berlin","12247","Berlin",12247
62422,"Berlin","12249","Berlin",12249
62422,"Berlin","12277","Berlin",12277
62422,"Berlin","12279","Berlin",12279
62422,"Berlin","12305","Berlin",12305
62422,"Berlin","12307","Berlin",12307
62422,"Berlin","12309","Berlin",12309
62422,"Berlin","12347","Berlin",12347
62422,"Berlin","12349","Berlin",12349
62422,"Berlin","12351","Berlin",12351
62422,"Berlin","12353","Berlin",12353
62422,"Berlin","12355","Berlin",12355
62422,"Berlin","12357","Berlin",12357
62422,"Berlin","12359","Berlin",12359
62422,"Berlin","12435","Berlin",12435
62422,"Berlin","12437","Berlin",12437
62422,"Berlin","12439","Berlin",12439
62422,"Berlin","12459","Berlin",12459
62422,"Berlin","12487","Berlin",12487
62422,"Berlin","12489","Berlin",12489
62422,"Berlin","12524","Berlin",12524
62422,"Berlin","12526","Berlin",12526
62422,"Berlin","12527","Berlin",12527
62422,"Berlin","12555","Berlin",12555
62422,"Berlin","12557","Berlin",12557
62422,"Berlin","12559","Berlin",12559
62422,"Berlin","12587","Berlin",12587
62422,"Berlin","12589","Berlin",12589
62422,"Berlin","12619","Berlin",12619
62422,"Berlin","12621","Berlin",12621
62422,"Berlin","12623","Berlin",12623
62422,"Berlin","12627","Berlin",12627
62422,"Berlin","12629","Berlin",12629
62422,"Berlin","12679","Berlin",12679
62422,"Berlin","12681","Berlin",12681
62422,"Berlin","12683","Berlin",12683
62422,"Berlin","12685","Berlin",12685
62422,"Berlin","12687","Berlin",12687
62422,"Berlin","12689","Berlin",12689
62422,"Berlin","13051","Berlin",13051
62422,"Berlin","13053","Berlin",13053
62422,"Berlin","13055","Berlin",13055
62422,"Berlin","13057","Berlin",13057
62422,"Berlin","13059","Berlin",13059
62422,"Berlin","13086","Berlin",13086
62422,"Berlin","13088","Berlin",13088
62422,"Berlin","13089","Berlin",13089
62422,"Berlin","13125","Berlin",13125
62422,"Berlin","13127","Berlin",13127
62422,"Berlin","13129","Berlin",13129
62422,"Berlin","13156","Berlin",13156
62422,"Berlin","13158","Berlin",13158
62422,"Berlin","13159","Berlin",13159
62422,"Berlin","13187","Berlin",13187
62422,"Berlin","13189","Berlin",13189
62422,"Berlin","13347","Berlin",13347
62422,"Berlin","13349","Berlin",13349
62422,"Berlin","13351","Berlin",13351
62422,"Berlin","13353","Berlin",13353
62422,"Berlin","13355","Berlin",13355
62422,"Berlin","13357","Berlin",13357
62422,"Berlin","13359","Berlin",13359
62422,"Berlin","13403","Berlin",13403
62422,"Berlin","13405","Berlin",13405
62422,"Berlin","13407","Berlin",13407
62422,"Berlin","13409","Berlin",13409
62422,"Berlin","13435","Berlin",13435
62422,"Berlin","13437","Berlin",13437
62422,"Berlin","13439","Berlin",13439
62422,"Berlin","13465","Berlin",13465
62422,"Berlin","13467","Berlin",13467
62422,"Berlin","13469","Berlin",13469
62422,"Berlin","13503","Berlin",13503
62422,"Berlin","13505","Berlin",13505
62422,"Berlin","13507","Berlin",13507
62422,"Berlin","13509","Berlin",13509
62422,"Berlin","13581","Berlin",13581
62422,"Berlin","13583","Berlin",13583
62422,"Berlin","13585","Berlin",13585
62422,"Berlin","13587","Berlin",13587
62422,"Berlin","13589","Berlin",13589
62422,"Berlin","13591","Berlin",13591
62422,"Berlin","13593","Berlin",13593
62422,"Berlin","13595","Berlin",13595
62422,"Berlin","13597","Berlin",13597
62422,"Berlin","13599","Berlin",13599
62422,"Berlin","13627","Berlin",13627
62422,"Berlin","13629","Berlin",13629
62422,"Berlin","14050","Berlin",14050
62422,"Berlin","14052","Berlin",14052
62422,"Berlin","14053","Berlin",14053
62422,"Berlin","14055","Berlin",14055
62422,"Berlin","14057","Berlin",14057
62422,"Berlin","14059","Berlin",14059
62422,"Berlin","14089","Berlin",14089
62422,"Berlin","14109","Berlin",14109
62422,"Berlin","14129","Berlin",14129
62422,"Berlin","14163","Berlin",14163
62422,"Berlin","14165","Berlin",14165
62422,"Berlin","14167","Berlin",14167
62422,"Berlin","14169","Berlin",14169
62422,"Berlin","14193","Berlin",14193
62422,"Berlin","14195","Berlin",14195
62422,"Berlin","14197","Berlin",14197
62422,"Berlin","14199","Berlin",14199
1074559,"Berlingen","54570","Rheinland-Pfalz",54570
2393736,"Berlingerode","37339","Thüringen",37339
2856988,"Berlstedt","99439","Thüringen",99439
2806391,"Bermatingen","88697","Baden-Württemberg",88697
2829521,"Bermbach","98587","Thüringen",98587
548037,"Bermel","56729","Rheinland-Pfalz",56729
1248787,"Bermersheim","67593","Rheinland-Pfalz",67593
1248585,"Bermersheim vor der Höhe","55234","Rheinland-Pfalz",55234
1318337,"Bernau","16321","Brandenburg",16321
2186914,"Bernau am Chiemsee","83233","Bayern",83233
1240406,"Bernau im Schwarzwald","79872","Baden-Württemberg",79872
936752,"Bernbeuren","86975","Bayern",86975
124297,"Bernburg","06406","Sachsen-Anhalt",6406
330907,"Berndorf","54578","Rheinland-Pfalz",54578
539718,"Berndroth","56370","Rheinland-Pfalz",56370
532787,"Berne","27804","Niedersachsen",27804
1028816,"Berngau","92361","Bayern",92361
964623,"Bernhardswald","93170","Bayern",93170
1958439,"Bernitt","18246","Mecklenburg-Vorpommern",18246
1958439,"Bernitt","18249","Mecklenburg-Vorpommern",18249
1258355,"Bernkastel-Kues","54470","Rheinland-Pfalz",54470
1258355,"Bernkastel-Kues","54492","Rheinland-Pfalz",54492
959818,"Bernried","94505","Bayern",94505
936914,"Bernried am Starnberger See","82347","Bayern",82347
417025,"Bernsdorf","09337","Sachsen",9337
1307707,"Bernsdorf","02994","Sachsen",2994
937641,"Bernstadt","89182","Baden-Württemberg",89182
418663,"Bernstadt auf dem Eigen","02748","Sachsen",2748
1479858,"Bernstorf","23936","Mecklenburg-Vorpommern",23936
2813120,"Bernterode","37308","Thüringen",37308
418870,"Berod bei Hachenburg","57614","Rheinland-Pfalz",57614
534473,"Berod bei Wallmerod","56414","Rheinland-Pfalz",56414
1171892,"Berscheid","54673","Rheinland-Pfalz",54673
1245055,"Berschweiler bei Baumholder","55777","Rheinland-Pfalz",55777
1245119,"Berschweiler bei Kirn","55608","Rheinland-Pfalz",55608
1817474,"Bersenbrück","49593","Niedersachsen",49593
1389284,"Bersteland","15910","Brandenburg",15910
418121,"Bertsdorf-Hörnitz","02763","Sachsen",2763
898199,"Berumbur","26524","Niedersachsen",26524
535003,"Berzhahn","56459","Rheinland-Pfalz",56459
416402,"Berzhausen","57632","Rheinland-Pfalz",57632
1257090,"Bescheid","54413","Rheinland-Pfalz",54413
382412,"Beschendorf","23738","Schleswig-Holstein",23738
448762,"Besdorf","25584","Schleswig-Holstein",25584
324306,"Beselich","65614","Hessen",65614
1473800,"Besenthal","23899","Schleswig-Holstein",23899
1419837,"Beseritz","17039","Mecklenburg-Vorpommern",17039
405302,"Besigheim","74354","Baden-Württemberg",74354
1451509,"Besitz","19258","Mecklenburg-Vorpommern",19258
379883,"Bessenbach","63856","Bayern",63856
1352904,"Bestensee","15741","Brandenburg",15741
157422,"Bestwig","59909","Nordrhein-Westfalen",59909
2532075,"Bethenhausen","07554","Thüringen",7554
949970,"Betteldorf","54570","Rheinland-Pfalz",54570
540445,"Bettendorf","56355","Rheinland-Pfalz",56355
1258872,"Bettenfeld","54533","Rheinland-Pfalz",54533
1152679,"Bettingen","54646","Rheinland-Pfalz",54646
422315,"Betzdorf","57518","Rheinland-Pfalz",57518
1383378,"Betzendorf","21386","Niedersachsen",21386
1070975,"Betzenstein","91282","Bayern",91282
2827890,"Betzenweiler","88422","Baden-Württemberg",88422
957714,"Betzigau","87488","Bayern",87488
1182317,"Beulich","56283","Rheinland-Pfalz",56283
1269814,"Beuren","56825","Rheinland-Pfalz",56825
2795771,"Beuren","72660","Baden-Württemberg",72660
1257087,"Beuren (Hochwald)","54413","Rheinland-Pfalz",54413
2805752,"Beuron","88631","Baden-Württemberg",88631
958112,"Beutelsbach","94501","Bayern",94501
444153,"Bevern","25355","Schleswig-Holstein",25355
1184658,"Bevern","37639","Niedersachsen",37639
2012142,"Beverstedt","27616","Niedersachsen",27616
148589,"Beverungen","37688","Nordrhein-Westfalen",37688
1184820,"Bexbach","66450","Saarland",66450
2801346,"Biberach an der Riß","88400","Baden-Württemberg",88400
3375478,"Biberach (Baden)","77781","Baden-Württemberg",77781
445867,"Biberbach","86485","Bayern",86485
964469,"Bibertal","89346","Bayern",89346
537048,"Biblis","68647","Hessen",68647
1444874,"Bibow","19417","Mecklenburg-Vorpommern",19417
2748747,"Bibra","07768","Thüringen",7768
956670,"Biburg","93354","Bayern",93354
935270,"Bichl","83673","Bayern",83673
452416,"Bickenbach","64404","Hessen",64404
1182304,"Bickenbach","56291","Rheinland-Pfalz",56291
1152682,"Bickendorf","54636","Rheinland-Pfalz",54636
447977,"Bidingen","87651","Bayern",87651
1248572,"Biebelnheim","55234","Rheinland-Pfalz",55234
283565,"Biebelried","97318","Bayern",97318
1244010,"Biebelsheim","55546","Rheinland-Pfalz",55546
162692,"Bieberehren","97243","Bayern",97243
535930,"Biebergemünd","63599","Hessen",63599
1241643,"Biebern","55471","Rheinland-Pfalz",55471
418607,"Biebertal","35444","Hessen",35444
443925,"Biebesheim","64584","Hessen",64584
539701,"Biebrich","56370","Rheinland-Pfalz",56370
225480,"Biedenkopf","35216","Hessen",35216
1126214,"Biederbach","79215","Baden-Württemberg",79215
395856,"Biederitz","39175","Sachsen-Anhalt",39175
1250994,"Biedershausen","66917","Rheinland-Pfalz",66917
1254386,"Biedesheim","67308","Rheinland-Pfalz",67308
62646,"Bielefeld","33602","Nordrhein-Westfalen",33602
62646,"Bielefeld","33604","Nordrhein-Westfalen",33604
62646,"Bielefeld","33605","Nordrhein-Westfalen",33605
62646,"Bielefeld","33607","Nordrhein-Westfalen",33607
62646,"Bielefeld","33609","Nordrhein-Westfalen",33609
62646,"Bielefeld","33611","Nordrhein-Westfalen",33611
62646,"Bielefeld","33613","Nordrhein-Westfalen",33613
62646,"Bielefeld","33615","Nordrhein-Westfalen",33615
62646,"Bielefeld","33617","Nordrhein-Westfalen",33617
62646,"Bielefeld","33619","Nordrhein-Westfalen",33619
62646,"Bielefeld","33647","Nordrhein-Westfalen",33647
62646,"Bielefeld","33649","Nordrhein-Westfalen",33649
62646,"Bielefeld","33659","Nordrhein-Westfalen",33659
62646,"Bielefeld","33689","Nordrhein-Westfalen",33689
62646,"Bielefeld","33699","Nordrhein-Westfalen",33699
62646,"Bielefeld","33719","Nordrhein-Westfalen",33719
62646,"Bielefeld","33729","Nordrhein-Westfalen",33729
62646,"Bielefeld","33739","Nordrhein-Westfalen",33739
394328,"Biendorf","18230","Mecklenburg-Vorpommern",18230
394328,"Biendorf","18233","Mecklenburg-Vorpommern",18233
1460238,"Bienenbüttel","29553","Niedersachsen",29553
2818331,"Bienstädt","99100","Thüringen",99100
1152700,"Biersdorf am See","54636","Rheinland-Pfalz",54636
1171874,"Biesdorf","54675","Rheinland-Pfalz",54675
1318341,"Biesenthal","16359","Brandenburg",16359
447976,"Biessenhofen","87640","Bayern",87640
907191,"Bietigheim","76467","Baden-Württemberg",76467
405807,"Bietigheim-Bissingen","74321","Baden-Württemberg",74321
534474,"Bilkheim","56414","Rheinland-Pfalz",56414
157770,"Billerbeck","48727","Nordrhein-Westfalen",48727
403741,"Billigheim","74842","Baden-Württemberg",74842
1252726,"Billigheim-Ingenheim","76831","Rheinland-Pfalz",76831
444152,"Bilsen","25485","Schleswig-Holstein",25485
1399076,"Bilshausen","37434","Niedersachsen",37434
2388468,"Bilzingsleben","06578","Thüringen",6578
423179,"Bimöhlen","24576","Schleswig-Holstein",24576
403748,"Binau","74862","Baden-Württemberg",74862
1071015,"Bindlach","95463","Bayern",95463
2805401,"Bingen","72511","Baden-Württemberg",72511
660349,"Bingen am Rhein","55411","Rheinland-Pfalz",55411
1183262,"Binnen","31619","Niedersachsen",31619
1266506,"Binningen","56754","Rheinland-Pfalz",56754
1259124,"Binsfeld","54518","Rheinland-Pfalz",54518
956786,"Binswangen","86637","Bayern",86637
1513785,"Binz","18609","Mecklenburg-Vorpommern",18609
1130304,"Binzen","79589","Baden-Württemberg",79589
2010986,"Bippen","49626","Niedersachsen",49626
2825741,"Birenbach","73102","Baden-Württemberg",73102
1076000,"Birgel","54587","Rheinland-Pfalz",54587
1028539,"Birgland","92262","Bayern",92262
537062,"Birkenau","69488","Hessen",69488
420575,"Birkenbeul","57589","Rheinland-Pfalz",57589
57999,"Birkenfeld","75217","Baden-Württemberg",75217
335467,"Birkenfeld","97834","Bayern",97834
1244279,"Birkenfeld","55765","Rheinland-Pfalz",55765
2396033,"Birkenfelde","37318","Thüringen",37318
422696,"Birkenheide","67134","Rheinland-Pfalz",67134
421228,"Birken-Honigsessen","57587","Rheinland-Pfalz",57587
1252820,"Birkenhördt","76889","Rheinland-Pfalz",76889
2179148,"Birkenhügel","07366","Thüringen",7366
1310088,"Birkenwerder","16547","Brandenburg",16547
1182315,"Birkheim","56291","Rheinland-Pfalz",56291
1252555,"Birkweiler","76831","Rheinland-Pfalz",76831
537136,"Birlenbach","65626","Rheinland-Pfalz",65626
418875,"Birnbach","57612","Rheinland-Pfalz",57612
134038,"Birresborn","54574","Rheinland-Pfalz",54574
535937,"Birstein","63633","Hessen",63633
1152676,"Birtlingen","54634","Rheinland-Pfalz",54634
2536212,"Birx","98634","Thüringen",98634
1077570,"Bischberg","96120","Bayern",96120
337247,"Bischbrunn","97836","Bayern",97836
337247,"Bischbrunn","97852","Bayern",97852
1254062,"Bischheim","67294","Rheinland-Pfalz",67294
215971,"Bischoffen","35649","Hessen",35649
1273266,"Bischofrod","98553","Thüringen",98553
2899667,"Bischofroda","99826","Thüringen",99826
1070994,"Bischofsgrün","95493","Bayern",95493
444944,"Bischofsheim","65474","Hessen",65474
387391,"Bischofsheim a.d.Rhön","97653","Bayern",97653
959165,"Bischofsmais","94253","Bayern",94253
1307621,"Bischofswerda","01877","Sachsen",1877
941829,"Bischofswiesen","83483","Bayern",83483
907170,"Bischweier","76476","Baden-Württemberg",76476
2779025,"Bisingen","72406","Baden-Württemberg",72406
1284743,"Bismark (Altmark)","39579","Sachsen-Anhalt",39579
1284743,"Bismark (Altmark)","39599","Sachsen-Anhalt",39599
1284743,"Bismark (Altmark)","39606","Sachsen-Anhalt",39606
1284743,"Bismark (Altmark)","39624","Sachsen-Anhalt",39624
1284743,"Bismark (Altmark)","39629","Sachsen-Anhalt",39629
1809013,"Bispingen","29646","Niedersachsen",29646
553474,"Bissee","24582","Schleswig-Holstein",24582
1819445,"Bissendorf","49143","Niedersachsen",49143
1249733,"Bissersheim","67281","Rheinland-Pfalz",67281
957077,"Bissingen","86657","Bayern",86657
2795406,"Bissingen an der Teck","73266","Baden-Württemberg",73266
1253989,"Bisterschied","67806","Rheinland-Pfalz",67806
572813,"Bitburg","54634","Rheinland-Pfalz",54634
1329611,"Bitterfeld-Wolfen","06749","Sachsen-Anhalt",6749
1329611,"Bitterfeld-Wolfen","06766","Sachsen-Anhalt",6766
1329611,"Bitterfeld-Wolfen","06803","Sachsen-Anhalt",6803
1329611,"Bitterfeld-Wolfen","06808","Sachsen-Anhalt",6808
2779377,"Bitz","72475","Baden-Württemberg",72475
420582,"Bitzen","57539","Rheinland-Pfalz",57539
961930,"Blaibach","93476","Bayern",93476
957870,"Blaichach","87544","Bayern",87544
534001,"Blankenbach","63825","Bayern",63825
449945,"Blankenberg","19412","Mecklenburg-Vorpommern",19412
2179149,"Blankenberg","07366","Thüringen",7366
1352949,"Blankenburg","06502","Sachsen-Anhalt",6502
1352949,"Blankenburg","38889","Sachsen-Anhalt",38889
1352949,"Blankenburg","38895","Sachsen-Anhalt",38895
2903159,"Blankenburg","99955","Thüringen",99955
55770,"Blankenfelde-Mahlow","15827","Brandenburg",15827
55770,"Blankenfelde-Mahlow","15831","Brandenburg",15831
393348,"Blankenhagen","18182","Mecklenburg-Vorpommern",18182
1272623,"Blankenhain","99444","Thüringen",99444
158156,"Blankenheim","53945","Nordrhein-Westfalen",53945
2399205,"Blankenheim","06528","Sachsen-Anhalt",6528
1419840,"Blankenhof","17039","Mecklenburg-Vorpommern",17039
1269733,"Blankenrath","56865","Rheinland-Pfalz",56865
1407859,"Blankensee","17322","Mecklenburg-Vorpommern",17322
1419597,"Blankensee","17237","Mecklenburg-Vorpommern",17237
2179150,"Blankenstein","07366","Thüringen",7366
1246584,"Blaubach","66869","Rheinland-Pfalz",66869
2788300,"Blaubeuren","89143","Baden-Württemberg",89143
387624,"Blaufelden","74572","Baden-Württemberg",74572
2788221,"Blaustein","89134","Baden-Württemberg",89134
1837837,"Bleckede","19273","Niedersachsen",19273
1837837,"Bleckede","21354","Niedersachsen",21354
1085807,"Bleckhausen","54570","Rheinland-Pfalz",54570
1108062,"Bleialf","54608","Rheinland-Pfalz",54608
2400611,"Bleicherode","99752","Thüringen",99752
2400611,"Bleicherode","99759","Thüringen",99759
288940,"Blekendorf","24327","Schleswig-Holstein",24327
1182293,"Blender","27337","Niedersachsen",27337
1432549,"Blesewitz","17392","Mecklenburg-Vorpommern",17392
1332932,"Bleyen-Genschmar","15328","Brandenburg",15328
444929,"Bliedersdorf","21640","Niedersachsen",21640
1332947,"Bliesdorf","16269","Brandenburg",16269
1184822,"Blieskastel","66440","Saarland",66440
1463077,"Bliestorf","23847","Schleswig-Holstein",23847
1457061,"Blievenstorf","19306","Mecklenburg-Vorpommern",19306
956998,"Blindheim","89434","Bayern",89434
142680,"Blomberg","32825","Nordrhein-Westfalen",32825
2012363,"Blomberg","26487","Niedersachsen",26487
447199,"Blomesche Wildnis","25348","Schleswig-Holstein",25348
1515660,"Blowatz","23974","Mecklenburg-Vorpommern",23974
2785259,"Blumberg","78176","Baden-Württemberg",78176
1419599,"Blumenholz","17237","Mecklenburg-Vorpommern",17237
548510,"Blumenthal","24241","Schleswig-Holstein",24241
442927,"Blunk","23813","Schleswig-Holstein",23813
2778357,"Bobeck","07646","Thüringen",7646
1249952,"Bobenheim am Berg","67273","Rheinland-Pfalz",67273
418410,"Bobenheim-Roxheim","67240","Rheinland-Pfalz",67240
1251120,"Bobenthal","76891","Rheinland-Pfalz",76891
936831,"Böbing","82389","Bayern",82389
935167,"Bobingen","86399","Bayern",86399
1252444,"Böbingen","67482","Rheinland-Pfalz",67482
915433,"Böbingen an der Rems","73560","Baden-Württemberg",73560
1491791,"Bobitz","23966","Mecklenburg-Vorpommern",23966
1491791,"Bobitz","23996","Mecklenburg-Vorpommern",23996
722090,"Böblingen","71032","Baden-Württemberg",71032
722090,"Böblingen","71034","Baden-Württemberg",71034
959172,"Böbrach","94255","Bayern",94255
416498,"Bobritzsch-Hilbersdorf","09627","Sachsen",9627
1451502,"Bobzin","19230","Mecklenburg-Vorpommern",19230
1252557,"Böchingen","76833","Rheinland-Pfalz",76833
162715,"Bocholt","46395","Nordrhein-Westfalen",46395
162715,"Bocholt","46397","Nordrhein-Westfalen",46397
162715,"Bocholt","46399","Nordrhein-Westfalen",46399
62644,"Bochum","44787","Nordrhein-Westfalen",44787
62644,"Bochum","44789","Nordrhein-Westfalen",44789
62644,"Bochum","44791","Nordrhein-Westfalen",44791
62644,"Bochum","44793","Nordrhein-Westfalen",44793
62644,"Bochum","44795","Nordrhein-Westfalen",44795
62644,"Bochum","44797","Nordrhein-Westfalen",44797
62644,"Bochum","44799","Nordrhein-Westfalen",44799
62644,"Bochum","44801","Nordrhein-Westfalen",44801
62644,"Bochum","44803","Nordrhein-Westfalen",44803
62644,"Bochum","44805","Nordrhein-Westfalen",44805
62644,"Bochum","44807","Nordrhein-Westfalen",44807
62644,"Bochum","44809","Nordrhein-Westfalen",44809
62644,"Bochum","44866","Nordrhein-Westfalen",44866
62644,"Bochum","44867","Nordrhein-Westfalen",44867
62644,"Bochum","44869","Nordrhein-Westfalen",44869
62644,"Bochum","44879","Nordrhein-Westfalen",44879
62644,"Bochum","44892","Nordrhein-Westfalen",44892
62644,"Bochum","44894","Nordrhein-Westfalen",44894
2793131,"Bocka","07589","Thüringen",7589
419003,"Bockau","08324","Sachsen",8324
1244235,"Bockenau","55595","Rheinland-Pfalz",55595
1168919,"Bockenem","31167","Niedersachsen",31167
1249734,"Bockenheim an der Weinstraße","67278","Rheinland-Pfalz",67278
934762,"Bockhorn","85461","Bayern",85461
1187412,"Bockhorn","26345","Niedersachsen",26345
2007737,"Bockhorst","26897","Niedersachsen",26897
2027762,"Boddin","17179","Mecklenburg-Vorpommern",17179
2778908,"Bodelshausen","72411","Baden-Württemberg",72411
2179151,"Bodelwitz","07381","Thüringen",7381
453829,"Boden","56412","Rheinland-Pfalz",56412
1075152,"Bodenbach","53539","Rheinland-Pfalz",53539
1397838,"Bodenfelde","37194","Niedersachsen",37194
1245807,"Bodenheim","55294","Rheinland-Pfalz",55294
192241,"Bodenkirchen","84155","Bayern",84155
959154,"Bodenmais","94249","Bayern",94249
2813790,"Bodenrode-Westhausen","37308","Thüringen",37308
1399067,"Bodensee","37434","Niedersachsen",37434
1184624,"Bodenwerder","37619","Niedersachsen",37619
962091,"Bodenwöhr","92439","Bayern",92439
2784817,"Bodman-Ludwigshafen","78351","Baden-Württemberg",78351
2808299,"Bodnegg","88285","Baden-Württemberg",88285
812180,"Bodolz","88131","Bayern",88131
1149232,"Böel","24401","Schleswig-Holstein",24401
1149232,"Böel","24405","Schleswig-Holstein",24405
1149232,"Böel","24891","Schleswig-Holstein",24891
1184653,"Boffzen","37691","Niedersachsen",37691
540446,"Bogel","56357","Rheinland-Pfalz",56357
959664,"Bogen","94327","Bayern",94327
958683,"Böhen","87736","Bayern",87736
420478,"Böhlen","04564","Sachsen",4564
1274559,"Böhlen","98701","Thüringen",98701
418399,"Böhl-Iggelheim","67459","Rheinland-Pfalz",67459
1799471,"Böhme","29693","Niedersachsen",29693
2772180,"Böhmenkirch","89558","Baden-Württemberg",89558
943560,"Böhmfeld","85113","Bayern",85113
1405507,"Bohmstedt","25853","Schleswig-Holstein",25853
1931067,"Bohmte","49163","Niedersachsen",49163
548511,"Böhnhusen","24220","Schleswig-Holstein",24220
1515661,"Boiensdorf","23974","Mecklenburg-Vorpommern",23974
1924097,"Boitze","21368","Niedersachsen",21368
1334092,"Boitzenburger Land","17268","Brandenburg",17268
1451505,"Boizenburg/Elbe","19258","Mecklenburg-Vorpommern",19258
444184,"Bokel","25364","Schleswig-Holstein",25364
548554,"Bokel","24802","Schleswig-Holstein",24802
448764,"Bokelrehm","25596","Schleswig-Holstein",25596
1355845,"Bokensdorf","38556","Niedersachsen",38556
443948,"Bokholt-Hanredder","25335","Schleswig-Holstein",25335
448763,"Bokhorst","25560","Schleswig-Holstein",25560
448763,"Bokhorst","25572","Schleswig-Holstein",25572
1175544,"Böklund","24860","Schleswig-Holstein",24860
310391,"Boksee","24220","Schleswig-Holstein",24220
1254065,"Bolanden","67295","Rheinland-Pfalz",67295
1432539,"Boldekow","17392","Mecklenburg-Vorpommern",17392
2778358,"Bollberg","07646","Thüringen",7646
1244179,"Böllen","79677","Baden-Württemberg",79677
1245098,"Bollenbach","55624","Rheinland-Pfalz",55624
1252826,"Böllenborn","76887","Rheinland-Pfalz",76887
1163509,"Bollendorf","54669","Rheinland-Pfalz",54669
1424142,"Bollewick","17207","Mecklenburg-Vorpommern",17207
1156149,"Bollingstedt","24855","Schleswig-Holstein",24855
1946217,"Bollschweil","79283","Baden-Württemberg",79283
451702,"Bölsberg","57648","Rheinland-Pfalz",57648
957890,"Bolsterlang","87538","Bayern",87538
176636,"Boltenhagen","23946","Mecklenburg-Vorpommern",23946
1808965,"Bomlitz","29699","Niedersachsen",29699
2808124,"Boms","88361","Baden-Württemberg",88361
1406981,"Bondelum","25850","Schleswig-Holstein",25850
722093,"Bondorf","71149","Baden-Württemberg",71149
310411,"Bönebüttel","24620","Schleswig-Holstein",24620
444707,"Bonefeld","56579","Rheinland-Pfalz",56579
158452,"Bönen","59199","Nordrhein-Westfalen",59199
1256949,"Bonerath","54316","Rheinland-Pfalz",54316
1075138,"Bongard","53539","Rheinland-Pfalz",53539
62508,"Bonn","53111","Nordrhein-Westfalen",53111
62508,"Bonn","53113","Nordrhein-Westfalen",53113
62508,"Bonn","53115","Nordrhein-Westfalen",53115
62508,"Bonn","53117","Nordrhein-Westfalen",53117
62508,"Bonn","53119","Nordrhein-Westfalen",53119
62508,"Bonn","53121","Nordrhein-Westfalen",53121
62508,"Bonn","53123","Nordrhein-Westfalen",53123
62508,"Bonn","53125","Nordrhein-Westfalen",53125
62508,"Bonn","53127","Nordrhein-Westfalen",53127
62508,"Bonn","53129","Nordrhein-Westfalen",53129
62508,"Bonn","53173","Nordrhein-Westfalen",53173
62508,"Bonn","53175","Nordrhein-Westfalen",53175
62508,"Bonn","53177","Nordrhein-Westfalen",53177
62508,"Bonn","53179","Nordrhein-Westfalen",53179
62508,"Bonn","53225","Nordrhein-Westfalen",53225
62508,"Bonn","53227","Nordrhein-Westfalen",53227
62508,"Bonn","53229","Nordrhein-Westfalen",53229
1240388,"Bonndorf im Schwarzwald","79848","Baden-Württemberg",79848
405782,"Bönnigheim","74357","Baden-Württemberg",74357
443704,"Bönningstedt","25474","Schleswig-Holstein",25474
445267,"Bonstetten","86486","Bayern",86486
1407858,"Boock","17322","Mecklenburg-Vorpommern",17322
548038,"Boos","56729","Rheinland-Pfalz",56729
958624,"Boos","87737","Bayern",87737
1244228,"Boos","55595","Rheinland-Pfalz",55595
423226,"Boostedt","24598","Schleswig-Holstein",24598
915548,"Bopfingen","73441","Baden-Württemberg",73441
593575,"Boppard","56154","Rheinland-Pfalz",56154
148082,"Borchen","33178","Nordrhein-Westfalen",33178
1357518,"Bördeaue","39435","Sachsen-Anhalt",39435
1357517,"Börde-Hakel","39448","Sachsen-Anhalt",39448
69740,"Bördeland","39221","Sachsen-Anhalt",39221
1416728,"Bordelum","25821","Schleswig-Holstein",25821
1416728,"Bordelum","25842","Schleswig-Holstein",25842
1416728,"Bordelum","25852","Schleswig-Holstein",25852
553513,"Bordesholm","24582","Schleswig-Holstein",24582
1149234,"Boren","24392","Schleswig-Holstein",24392
1244277,"Börfink","54422","Rheinland-Pfalz",54422
548551,"Borgdorf-Seedorf","24589","Schleswig-Holstein",24589
1891489,"Borgentreich","34434","Nordrhein-Westfalen",34434
1474267,"Börger","26904","Niedersachsen",26904
395725,"Börgerende-Rethwisch","18211","Mecklenburg-Vorpommern",18211
138696,"Borgholzhausen","33829","Nordrhein-Westfalen",33829
548609,"Borgstedt","24794","Schleswig-Holstein",24794
1428594,"Borgsum","25938","Schleswig-Holstein",25938
1157535,"Borgwedel","24857","Schleswig-Holstein",24857
162723,"Borken","46325","Nordrhein-Westfalen",46325
452192,"Borken","34582","Hessen",34582
539724,"Borkheide","14822","Brandenburg",14822
449939,"Borkow","19406","Mecklenburg-Vorpommern",19406
932092,"Borkum","26757","Niedersachsen",26757
539696,"Borkwalde","14822","Brandenburg",14822
1075134,"Borler","53539","Rheinland-Pfalz",53539
1157658,"Börm","24863","Schleswig-Holstein",24863
420481,"Borna","04552","Sachsen",4552
374247,"Born a. Darß","18375","Mecklenburg-Vorpommern",18375
1357525,"Borne","39435","Sachsen-Anhalt",39435
2395859,"Bornhagen","37318","Thüringen",37318
168426,"Bornheim","53332","Nordrhein-Westfalen",53332
1248571,"Bornheim","55237","Rheinland-Pfalz",55237
1252802,"Bornheim","76879","Rheinland-Pfalz",76879
556121,"Bornholt","25557","Schleswig-Holstein",25557
556121,"Bornholt","25725","Schleswig-Holstein",25725
405629,"Bornhöved","24619","Schleswig-Holstein",24619
539913,"Bornich","56348","Rheinland-Pfalz",56348
422346,"Börnichen","09437","Sachsen",9437
156829,"Börnsen","21039","Schleswig-Holstein",21039
2409458,"Bornstedt","06295","Sachsen-Anhalt",6295
453153,"Borod","57614","Rheinland-Pfalz",57614
1427223,"Borrentin","17111","Mecklenburg-Vorpommern",17111
1254707,"Börrstadt","67725","Rheinland-Pfalz",67725
1246484,"Börsborn","66904","Rheinland-Pfalz",66904
422923,"Borsdorf","04451","Sachsen",4451
447197,"Borsfleth","25376","Schleswig-Holstein",25376
2791017,"Börslingen","89177","Baden-Württemberg",89177
1432654,"Börßum","38312","Niedersachsen",38312
423189,"Borstel","24616","Schleswig-Holstein",24616
1461190,"Borstel","27246","Niedersachsen",27246
443731,"Borstel-Hohenraden","25494","Schleswig-Holstein",25494
1469173,"Borstorf","23881","Schleswig-Holstein",23881
2825742,"Börtlingen","73104","Baden-Württemberg",73104
2387422,"Borxleben","06556","Thüringen",6556
382441,"Bosau","23715","Schleswig-Holstein",23715
1420392,"Bosbüll","25899","Schleswig-Holstein",25899
310403,"Bösdorf","24306","Schleswig-Holstein",24306
1109690,"Bösel","26219","Niedersachsen",26219
1246623,"Bosenbach","66887","Rheinland-Pfalz",66887
444885,"Bösenbrunn","08606","Sachsen",8606
943752,"Bösingen","78662","Baden-Württemberg",78662
1177205,"Bösleben-Wüllersleben","99310","Thüringen",99310
965598,"Bötersen","27367","Niedersachsen",27367
965602,"Bothel","27386","Niedersachsen",27386
2895875,"Bothenheilingen","99947","Thüringen",99947
310395,"Bothkamp","24250","Schleswig-Holstein",24250
1251151,"Bottenbach","66504","Rheinland-Pfalz",66504
1231959,"Böttingen","78583","Baden-Württemberg",78583
62634,"Bottrop","46236","Nordrhein-Westfalen",46236
62634,"Bottrop","46238","Nordrhein-Westfalen",46238
62634,"Bottrop","46240","Nordrhein-Westfalen",46240
62634,"Bottrop","46242","Nordrhein-Westfalen",46242
62634,"Bottrop","46244","Nordrhein-Westfalen",46244
70124,"Bötzingen","79268","Baden-Württemberg",79268
169213,"Bous","66359","Saarland",66359
548563,"Bovenau","24796","Schleswig-Holstein",24796
1399079,"Bovenden","37120","Niedersachsen",37120
402685,"Boxberg","97944","Baden-Württemberg",97944
1075140,"Boxberg","54552","Rheinland-Pfalz",54552
1310637,"Boxberg/O.L.","02943","Sachsen",2943
1156033,"Böxlund","24994","Schleswig-Holstein",24994
454245,"Braak","22145","Schleswig-Holstein",22145
422319,"Brachbach","57555","Rheinland-Pfalz",57555
1259826,"Brachtendorf","56761","Rheinland-Pfalz",56761
535935,"Brachttal","63636","Hessen",63636
308513,"Brackel","21438","Niedersachsen",21438
410501,"Brackenheim","74336","Baden-Württemberg",74336
1420395,"Braderup","25923","Schleswig-Holstein",25923
1451518,"Brahlstorf","19273","Mecklenburg-Vorpommern",19273
2532076,"Brahmenau","07554","Thüringen",7554
532834,"Brake","26919","Niedersachsen",26919
148592,"Brakel","33034","Nordrhein-Westfalen",33034
548555,"Brammer","24793","Schleswig-Holstein",24793
1818486,"Bramsche","49565","Niedersachsen",49565
1417215,"Bramstedtlund","25926","Schleswig-Holstein",25926
975280,"Brand","95682","Bayern",95682
444181,"Brande-Hörnerkirchen","25364","Schleswig-Holstein",25364
62470,"Brandenburg an der Havel","14770","Brandenburg",14770
62470,"Brandenburg an der Havel","14772","Brandenburg",14772
62470,"Brandenburg an der Havel","14774","Brandenburg",14774
62470,"Brandenburg an der Havel","14776","Brandenburg",14776
416477,"Brand-Erbisdorf","09618","Sachsen",9618
422924,"Brandis","04821","Sachsen",4821
422924,"Brandis","04824","Sachsen",4824
535004,"Brandscheid","56459","Rheinland-Pfalz",56459
1108042,"Brandscheid","54608","Rheinland-Pfalz",54608
2186915,"Brannenburg","83098","Bayern",83098
536238,"Braubach","56338","Rheinland-Pfalz",56338
1258359,"Brauneberg","54470","Rheinland-Pfalz",54470
1258359,"Brauneberg","54472","Rheinland-Pfalz",54472
215982,"Braunfels","35619","Hessen",35619
2789040,"Braunichswalde","07580","Thüringen",7580
1421444,"Braunlage","37444","Niedersachsen",37444
1421444,"Braunlage","38700","Niedersachsen",38700
1242295,"Bräunlingen","78199","Baden-Württemberg",78199
387783,"Braunsbach","74542","Baden-Württemberg",74542
2406073,"Braunsbedra","06242","Sachsen-Anhalt",6242
2406073,"Braunsbedra","06259","Sachsen-Anhalt",6259
62531,"Braunschweig","38100","Niedersachsen",38100
62531,"Braunschweig","38102","Niedersachsen",38102
62531,"Braunschweig","38104","Niedersachsen",38104
62531,"Braunschweig","38106","Niedersachsen",38106
62531,"Braunschweig","38108","Niedersachsen",38108
62531,"Braunschweig","38110","Niedersachsen",38110
62531,"Braunschweig","38112","Niedersachsen",38112
62531,"Braunschweig","38114","Niedersachsen",38114
62531,"Braunschweig","38116","Niedersachsen",38116
62531,"Braunschweig","38118","Niedersachsen",38118
62531,"Braunschweig","38120","Niedersachsen",38120
62531,"Braunschweig","38122","Niedersachsen",38122
62531,"Braunschweig","38124","Niedersachsen",38124
62531,"Braunschweig","38126","Niedersachsen",38126
1204727,"Braunshorn","56288","Rheinland-Pfalz",56288
1244224,"Braunweiler","55595","Rheinland-Pfalz",55595
1244120,"Brauweiler","55606","Rheinland-Pfalz",55606
1149239,"Brebel","24392","Schleswig-Holstein",24392
413578,"Brechen","65611","Hessen",65611
1152691,"Brecht","54636","Rheinland-Pfalz",54636
1814897,"Breckerfeld","58339","Nordrhein-Westfalen",58339
1474252,"Breddenberg","26897","Niedersachsen",26897
1302365,"Breddin","16845","Brandenburg",16845
1022857,"Breddorf","27412","Niedersachsen",27412
1022857,"Breddorf","27726","Niedersachsen",27726
548503,"Bredenbek","24796","Schleswig-Holstein",24796
1427703,"Bredenfelde","17153","Mecklenburg-Vorpommern",17153
1416732,"Bredstedt","25821","Schleswig-Holstein",25821
1437952,"Breege","18556","Mecklenburg-Vorpommern",18556
1289800,"Breese","19322","Brandenburg",19322
1427900,"Breesen","17091","Mecklenburg-Vorpommern",17091
1427894,"Breest","17089","Mecklenburg-Vorpommern",17089
2393742,"Brehme","37339","Thüringen",37339
225485,"Breidenbach","35236","Hessen",35236
548605,"Breiholz","24797","Schleswig-Holstein",24797
70133,"Breisach am Rhein","79206","Baden-Württemberg",79206
1258431,"Breit","54426","Rheinland-Pfalz",54426
388840,"Breitbrunn","96151","Bayern",96151
2186916,"Breitbrunn am Chiemsee","83254","Bayern",83254
532369,"Breitenau","56237","Rheinland-Pfalz",56237
1246447,"Breitenbach","66916","Rheinland-Pfalz",66916
275101,"Breitenbach am Herzberg","36287","Hessen",36287
450523,"Breitenberg","25597","Schleswig-Holstein",25597
958097,"Breitenberg","94139","Bayern",94139
957155,"Breitenbrunn","87739","Bayern",87739
1028805,"Breitenbrunn","92363","Bayern",92363
419011,"Breitenbrunn/Erzgebirge","08359","Sachsen",8359
450512,"Breitenburg","25524","Schleswig-Holstein",25524
1465977,"Breitenfelde","23881","Schleswig-Holstein",23881
1077552,"Breitengüßbach","96149","Bayern",96149
1246415,"Breitenheim","55592","Rheinland-Pfalz",55592
964151,"Breitenthal","86488","Bayern",86488
1245128,"Breitenthal","55758","Rheinland-Pfalz",55758
2395775,"Breitenworbis","37339","Thüringen",37339
2789594,"Breitingen","89183","Baden-Württemberg",89183
317425,"Breitnau","79874","Baden-Württemberg",79874
215968,"Breitscheid","35767","Hessen",35767
236884,"Breitscheid","53547","Rheinland-Pfalz",53547
1245242,"Breitscheid","55422","Rheinland-Pfalz",55422
420576,"Breitscheidt","57539","Rheinland-Pfalz",57539
2820059,"Breitungen/Werra","98597","Thüringen",98597
557139,"Brekendorf","24811","Schleswig-Holstein",24811
1571761,"Breklum","25821","Schleswig-Holstein",25821
539700,"Bremberg","56370","Rheinland-Pfalz",56370
62559,"Bremen","27568","Bremen",27568
62559,"Bremen","28195","Bremen",28195
62559,"Bremen","28197","Bremen",28197
62559,"Bremen","28199","Bremen",28199
62559,"Bremen","28201","Bremen",28201
62559,"Bremen","28203","Bremen",28203
62559,"Bremen","28205","Bremen",28205
62559,"Bremen","28207","Bremen",28207
62559,"Bremen","28209","Bremen",28209
62559,"Bremen","28211","Bremen",28211
62559,"Bremen","28213","Bremen",28213
62559,"Bremen","28215","Bremen",28215
62559,"Bremen","28217","Bremen",28217
62559,"Bremen","28219","Bremen",28219
62559,"Bremen","28237","Bremen",28237
62559,"Bremen","28239","Bremen",28239
62559,"Bremen","28259","Bremen",28259
62559,"Bremen","28277","Bremen",28277
62559,"Bremen","28279","Bremen",28279
62559,"Bremen","28307","Bremen",28307
62559,"Bremen","28309","Bremen",28309
62559,"Bremen","28325","Bremen",28325
62559,"Bremen","28327","Bremen",28327
62559,"Bremen","28329","Bremen",28329
62559,"Bremen","28355","Bremen",28355
62559,"Bremen","28357","Bremen",28357
62559,"Bremen","28359","Bremen",28359
62559,"Bremen","28717","Bremen",28717
62559,"Bremen","28719","Bremen",28719
62559,"Bremen","28755","Bremen",28755
62559,"Bremen","28757","Bremen",28757
62559,"Bremen","28759","Bremen",28759
62559,"Bremen","28777","Bremen",28777
62559,"Bremen","28779","Bremen",28779
62658,"Bremerhaven","27568","Bremen",27568
62658,"Bremerhaven","27570","Bremen",27570
62658,"Bremerhaven","27572","Bremen",27572
62658,"Bremerhaven","27574","Bremen",27574
62658,"Bremerhaven","27576","Bremen",27576
62658,"Bremerhaven","27578","Bremen",27578
62658,"Bremerhaven","27580","Bremen",27580
383050,"Bremervörde","27432","Niedersachsen",27432
1259305,"Bremm","56814","Rheinland-Pfalz",56814
2778359,"Bremsnitz","07646","Thüringen",7646
1050578,"Brenk","56651","Rheinland-Pfalz",56651
964627,"Brennberg","93179","Bayern",93179
451779,"Brensbach","64395","Hessen",64395
1457063,"Brenz","19306","Mecklenburg-Vorpommern",19306
1451553,"Bresegard bei Eldena","19294","Mecklenburg-Vorpommern",19294
1451512,"Bresegard bei Picher","19230","Mecklenburg-Vorpommern",19230
446431,"Brest","21698","Niedersachsen",21698
2387555,"Bretleben","06556","Thüringen",6556
158352,"Bretten","75015","Baden-Württemberg",75015
533247,"Bretthausen","56479","Rheinland-Pfalz",56479
1243999,"Bretzenheim","55559","Rheinland-Pfalz",55559
377561,"Bretzfeld","74626","Baden-Württemberg",74626
451775,"Breuberg","64747","Hessen",64747
162612,"Breuna","34479","Hessen",34479
1254723,"Breunigweiler","67725","Rheinland-Pfalz",67725
2013293,"Brevörde","37647","Niedersachsen",37647
544548,"Brey","56321","Rheinland-Pfalz",56321
1318344,"Breydin","16230","Brandenburg",16230
943920,"Brickeln","25712","Schleswig-Holstein",25712
1269728,"Briedel","56850","Rheinland-Pfalz",56850
1269728,"Briedel","56867","Rheinland-Pfalz",56867
1266516,"Brieden","56829","Rheinland-Pfalz",56829
1259312,"Briedern","56820","Rheinland-Pfalz",56820
1251751,"Brieselang","14656","Brandenburg",14656
1322840,"Briesen","03096","Brandenburg",3096
1384837,"Briesen (Mark)","15518","Brandenburg",15518
1384835,"Brieskow-Finkenheerd","15295","Brandenburg",15295
1392130,"Brietlingen","21382","Niedersachsen",21382
1410897,"Brietzig","17309","Mecklenburg-Vorpommern",17309
1242135,"Brigachtal","78086","Baden-Württemberg",78086
1427692,"Briggow","17153","Mecklenburg-Vorpommern",17153
157382,"Brilon","59929","Nordrhein-Westfalen",59929
1152695,"Brimingen","54646","Rheinland-Pfalz",54646
548584,"Brinjahe","24816","Schleswig-Holstein",24816
2012928,"Brinkum","26835","Niedersachsen",26835
1318356,"Britz","16230","Brandenburg",16230
394337,"Bröbberow","18258","Mecklenburg-Vorpommern",18258
965590,"Brockel","27386","Niedersachsen",27386
1797621,"Bröckel","29356","Niedersachsen",29356
1085804,"Brockscheid","54552","Rheinland-Pfalz",54552
1665293,"Brockum","49448","Niedersachsen",49448
546624,"Brodenbach","56332","Rheinland-Pfalz",56332
554514,"Brodersby","24398","Schleswig-Holstein",24398
1149338,"Brodersby","24864","Schleswig-Holstein",24864
288262,"Brodersdorf","24235","Schleswig-Holstein",24235
2676469,"Broderstorf","18184","Mecklenburg-Vorpommern",18184
1266504,"Brohl","56754","Rheinland-Pfalz",56754
1022832,"Brohl-Lützing","56656","Rheinland-Pfalz",56656
447771,"Brokdorf","25554","Schleswig-Holstein",25554
447771,"Brokdorf","25576","Schleswig-Holstein",25576
450221,"Brokstedt","24616","Schleswig-Holstein",24616
451781,"Brombachtal","64753","Hessen",64753
1329992,"Brome","38465","Niedersachsen",38465
443588,"Bromskirchen","59969","Hessen",59969
1322901,"Bronkow","03205","Brandenburg",3205
1476085,"Bröthen","21514","Schleswig-Holstein",21514
1138618,"Brotterode-Trusetal","98596","Thüringen",98596
1259132,"Bruch","54518","Rheinland-Pfalz",54518
420579,"Bruchertseifen","57539","Rheinland-Pfalz",57539
443472,"Bruchhausen","53572","Rheinland-Pfalz",53572
1461200,"Bruchhausen-Vilsen","27305","Niedersachsen",27305
535894,"Bruchköbel","63486","Hessen",63486
1253816,"Bruchmühlbach-Miesau","66892","Rheinland-Pfalz",66892
659820,"Bruchsal","76646","Baden-Württemberg",76646
2903160,"Bruchstedt","99955","Thüringen",99955
1245143,"Bruchweiler","55758","Rheinland-Pfalz",55758
1252378,"Bruchweiler-Bärenbach","76891","Rheinland-Pfalz",76891
929920,"Bruck","85567","Bayern",85567
540426,"Brück","14822","Brandenburg",14822
190865,"Bruckberg","84079","Bayern",84079
534274,"Bruckberg","91590","Bayern",91590
1244285,"Brücken","55767","Rheinland-Pfalz",55767
2397423,"Brücken-Hackpfüffel","06528","Sachsen-Anhalt",6528
1246454,"Brücken (Pfalz)","66904","Rheinland-Pfalz",66904
962111,"Bruck i.d.OPf.","92436","Bayern",92436
2190662,"Bruckmühl","83052","Bayern",83052
1075144,"Brücktal","53539","Rheinland-Pfalz",53539
449949,"Brüel","19412","Mecklenburg-Vorpommern",19412
548515,"Brügge","24582","Schleswig-Holstein",24582
88741,"Brüggen","41379","Nordrhein-Westfalen",41379
2818241,"Brüheim","99869","Thüringen",99869
168481,"Brühl","50321","Nordrhein-Westfalen",50321
454167,"Brühl","68782","Baden-Württemberg",68782
965013,"Brunn","93164","Bayern",93164
1419832,"Brunn","17039","Mecklenburg-Vorpommern",17039
943707,"Brunnen","86564","Bayern",86564
2900130,"Brunnhartshausen","36452","Thüringen",36452
539954,"Brunnthal","85649","Bayern",85649
1263896,"Brünn/Thür.","98673","Thüringen",98673
1451532,"Brunow","19357","Mecklenburg-Vorpommern",19357
1451532,"Brunow","19372","Mecklenburg-Vorpommern",19372
454244,"Brunsbek","22946","Schleswig-Holstein",22946
935134,"Brunsbüttel","25541","Schleswig-Holstein",25541
1471554,"Brunsmark","23883","Schleswig-Holstein",23883
331249,"Brunstorf","21524","Schleswig-Holstein",21524
953022,"Brünzow","17509","Mecklenburg-Vorpommern",17509
1244117,"Bruschied","55606","Rheinland-Pfalz",55606
1444872,"Brüsewitz","19071","Mecklenburg-Vorpommern",19071
1334119,"Brüssow","17326","Brandenburg",17326
1259315,"Bruttig-Fankel","56814","Rheinland-Pfalz",56814
1241651,"Bubach","56288","Rheinland-Pfalz",56288
1245802,"Bubenheim","55270","Rheinland-Pfalz",55270
1254388,"Bubenheim","67308","Rheinland-Pfalz",67308
1016513,"Bubenreuth","91088","Bayern",91088
964471,"Bubesheim","89347","Bayern",89347
1246779,"Buborn","67742","Rheinland-Pfalz",67742
1231953,"Bubsheim","78585","Baden-Württemberg",78585
540447,"Buch","56357","Rheinland-Pfalz",56357
941086,"Buch","89290","Bayern",89290
1204722,"Buch","56290","Rheinland-Pfalz",56290
2179152,"Bucha","07389","Thüringen",7389
2778360,"Bucha","07751","Thüringen",7751
934745,"Buch am Buchrain","85656","Bayern",85656
190922,"Buch am Erlbach","84172","Bayern",84172
534083,"Buch am Wald","91592","Bayern",91592
940862,"Buchbach","84428","Bayern",84428
283562,"Buchbrunn","97320","Bayern",97320
962385,"Buchdorf","86675","Bayern",86675
1269803,"Büchel","56823","Rheinland-Pfalz",56823
2410081,"Büchel","99638","Thüringen",99638
1476083,"Büchen","21514","Schleswig-Holstein",21514
308237,"Buchenbach","79256","Baden-Württemberg",79256
158250,"Büchenbach","91186","Bayern",91186
957769,"Buchenberg","87474","Bayern",87474
961102,"Büchenbeuren","55491","Rheinland-Pfalz",55491
403730,"Buchen (Odenwald)","74722","Baden-Württemberg",74722
1108067,"Buchet","54608","Rheinland-Pfalz",54608
2856989,"Buchfart","99438","Thüringen",99438
1231955,"Buchheim","78567","Baden-Württemberg",78567
1231955,"Buchheim","88637","Baden-Württemberg",88637
959806,"Buchhofen","94533","Bayern",94533
943942,"Buchholz","25712","Schleswig-Holstein",25712
1169365,"Buchholz","31710","Niedersachsen",31710
1469263,"Buchholz","23911","Schleswig-Holstein",23911
1593428,"Buchholz","17209","Mecklenburg-Vorpommern",17209
2400322,"Buchholz","99762","Thüringen",99762
1808861,"Buchholz (Aller)","29690","Niedersachsen",29690
111406,"Buchholz in der Nordheide","21244","Niedersachsen",21244
443468,"Buchholz (Westerwald)","53567","Rheinland-Pfalz",53567
1469084,"Buchhorst","21481","Schleswig-Holstein",21481
958123,"Büchlberg","94124","Bayern",94124
442789,"Buchloe","86807","Bayern",86807
946001,"Buckautal","14793","Brandenburg",14793
1169355,"Bückeburg","31675","Niedersachsen",31675
1183271,"Bücken","27333","Niedersachsen",27333
1016514,"Buckenhof","91054","Bayern",91054
1332899,"Buckow","15377","Brandenburg",15377
548571,"Büdelsdorf","24782","Schleswig-Holstein",24782
1241633,"Budenbach","55469","Rheinland-Pfalz",55469
660348,"Budenheim","55257","Rheinland-Pfalz",55257
1108071,"Büdesheim","54610","Rheinland-Pfalz",54610
55158,"Büdingen","63654","Hessen",63654
1258422,"Büdlich","54426","Rheinland-Pfalz",54426
2818242,"Bufleben","99869","Thüringen",99869
1432544,"Bugewitz","17398","Mecklenburg-Vorpommern",17398
1432366,"Buggenhagen","17440","Mecklenburg-Vorpommern",17440
271661,"Buggingen","79426","Baden-Württemberg",79426
1188919,"Bühl","77815","Baden-Württemberg",77815
2395783,"Buhla","37339","Thüringen",37339
1244278,"Buhlenberg","55767","Rheinland-Pfalz",55767
1188924,"Bühlertal","77830","Baden-Württemberg",77830
391359,"Bühlertann","74424","Baden-Württemberg",74424
391360,"Bühlerzell","74426","Baden-Württemberg",74426
422816,"Bühnsdorf","23845","Schleswig-Holstein",23845
1399088,"Bühren","37127","Niedersachsen",37127
1180881,"Bülkau","21782","Niedersachsen",21782
1269725,"Bullay","56859","Rheinland-Pfalz",56859
443953,"Bullenkuhlen","25355","Schleswig-Holstein",25355
449908,"Bülow","19089","Mecklenburg-Vorpommern",19089
965607,"Bülstedt","27412","Niedersachsen",27412
1286663,"Bülstringen","39345","Sachsen-Anhalt",39345
1255784,"Bunde","26831","Niedersachsen",26831
147447,"Bünde","32257","Nordrhein-Westfalen",32257
1245095,"Bundenbach","55626","Rheinland-Pfalz",55626
1251113,"Bundenthal","76891","Rheinland-Pfalz",76891
388770,"Bundorf","97494","Bayern",97494
550775,"Bünsdorf","24794","Schleswig-Holstein",24794
443121,"Bunsoh","25767","Schleswig-Holstein",25767
163258,"Burbach","57299","Nordrhein-Westfalen",57299
1140568,"Burbach","54597","Rheinland-Pfalz",54597
415012,"Bürdenbach","56593","Rheinland-Pfalz",56593
146479,"Büren","33142","Nordrhein-Westfalen",33142
154557,"Burg","39288","Sachsen-Anhalt",39288
1171866,"Burg","54646","Rheinland-Pfalz",54646
964473,"Burgau","89331","Bayern",89331
957861,"Burgberg i.Allgäu","87545","Bayern",87545
356766,"Burgbernheim","91593","Bayern",91593
1050575,"Burgbrohl","56659","Rheinland-Pfalz",56659
943896,"Burg (Dithmarschen)","25712","Schleswig-Holstein",25712
59419,"Burgdorf","31303","Niedersachsen",31303
1432650,"Burgdorf","38272","Niedersachsen",38272
1077539,"Burgebrach","96138","Bayern",96138
2778361,"Bürgel","07616","Thüringen",7616
546627,"Burgen","56332","Rheinland-Pfalz",56332
1258370,"Burgen","54472","Rheinland-Pfalz",54472
936754,"Burggen","86977","Bayern",86977
356990,"Burghaslach","96152","Bayern",96152
454868,"Burghaun","36151","Hessen",36151
942044,"Burghausen","84489","Bayern",84489
943668,"Burgheim","86666","Bayern",86666
2179153,"Burgk","07907","Thüringen",7907
942047,"Burgkirchen an der Alz","84508","Bayern",84508
1026853,"Burgkunstadt","96224","Bayern",96224
415009,"Burglahr","57632","Rheinland-Pfalz",57632
387468,"Burglauer","97724","Bayern",97724
962186,"Burglengenfeld","93133","Bayern",93133
1261697,"Burg (Mosel)","56843","Rheinland-Pfalz",56843
534395,"Burgoberbach","91595","Bayern",91595
388836,"Burgpreppach","97496","Bayern",97496
2801020,"Burgrieden","88483","Baden-Württemberg",88483
1015146,"Burgsalach","91790","Bayern",91790
538929,"Burgschwalbach","65558","Rheinland-Pfalz",65558
349935,"Burgsinn","97775","Bayern",97775
1244233,"Burgsponheim","55595","Rheinland-Pfalz",55595
1322838,"Burg (Spreewald)","03096","Brandenburg",3096
414481,"Burgstädt","09217","Sachsen",9217
393539,"Bürgstadt","63927","Bayern",63927
1286648,"Burgstall","39517","Sachsen-Anhalt",39517
1419900,"Burg Stargard","17094","Mecklenburg-Vorpommern",17094
400934,"Burgstetten","71576","Baden-Württemberg",71576
966147,"Burgthann","90559","Bayern",90559
443592,"Burgwald","35099","Hessen",35099
2395983,"Burgwalde","37318","Thüringen",37318
1177824,"Burgwedel","30938","Niedersachsen",30938
1077564,"Burgwindheim","96154","Bayern",96154
534185,"Burk","91596","Bayern",91596
384334,"Burkardroth","97705","Bayern",97705
1307624,"Burkau","01906","Sachsen",1906
536008,"Burkhardtsdorf","09235","Sachsen",9235
2778959,"Burladingen","72393","Baden-Württemberg",72393
1427898,"Burow","17089","Mecklenburg-Vorpommern",17089
1252462,"Burrweiler","76835","Rheinland-Pfalz",76835
173096,"Burscheid","51399","Nordrhein-Westfalen",51399
537049,"Bürstadt","68642","Hessen",68642
964145,"Burtenbach","89349","Bayern",89349
1258423,"Burtscheid","54424","Rheinland-Pfalz",54424
445756,"Burweg","21709","Niedersachsen",21709
1437548,"Buschvitz","18528","Mecklenburg-Vorpommern",18528
1157532,"Busdorf","24866","Schleswig-Holstein",24866
418616,"Buseck","35418","Hessen",35418
1251115,"Busenberg","66996","Rheinland-Pfalz",66996
1251115,"Busenberg","76891","Rheinland-Pfalz",76891
418881,"Busenhausen","57612","Rheinland-Pfalz",57612
417591,"Busenwurth","25719","Schleswig-Holstein",25719
2785126,"Büsingen am Hochrhein","78266","Baden-Württemberg",78266
447160,"Büsum","25761","Schleswig-Holstein",25761
447159,"Büsumer Deichhausen","25761","Schleswig-Holstein",25761
548618,"Butjadingen","26969","Niedersachsen",26969
1424145,"Bütow","17209","Mecklenburg-Vorpommern",17209
448012,"Büttel","25572","Schleswig-Holstein",25572
444528,"Büttelborn","64572","Hessen",64572
2856441,"Buttelstedt","99439","Thüringen",99439
1077540,"Buttenheim","96155","Bayern",96155
956963,"Buttenwiesen","86647","Bayern",86647
162332,"Bütthard","97244","Bayern",97244
2898841,"Buttlar","36419","Thüringen",36419
2410080,"Buttstädt","99628","Thüringen",99628
2515188,"Büttstedt","37359","Thüringen",37359
385683,"Butzbach","35510","Hessen",35510
1432548,"Butzow","17392","Mecklenburg-Vorpommern",17392
1959687,"Bützow","18246","Mecklenburg-Vorpommern",18246
114083,"Buxheim","87740","Bayern",87740
943562,"Buxheim","85114","Bayern",85114
279078,"Buxtehude","21614","Niedersachsen",21614
1388878,"Byhleguhre-Byhlen","15913","Brandenburg",15913
532370,"Caan","56237","Rheinland-Pfalz",56237
2786726,"Caaschwitz","07586","Thüringen",7586
6683573,"Cadenberge","21781","Niedersachsen",21781
1016404,"Cadolzburg","90556","Bayern",90556
1322899,"Calau","03205","Brandenburg",3205
1357630,"Calberlah","38547","Niedersachsen",38547
69745,"Calbe (Saale)","39240","Sachsen-Anhalt",39240
455491,"Calden","34379","Hessen",34379
1244059,"Callbach","67829","Rheinland-Pfalz",67829
401849,"Callenberg","09337","Sachsen",9337
1286649,"Calvörde","39359","Sachsen-Anhalt",39359
1286649,"Calvörde","39638","Sachsen-Anhalt",39638
403710,"Calw","75365","Baden-Württemberg",75365
449938,"Cambs","19067","Mecklenburg-Vorpommern",19067
393335,"Cammin","18195","Mecklenburg-Vorpommern",18195
1109685,"Cappeln (Oldenburg)","49692","Niedersachsen",49692
394335,"Carinerland","18233","Mecklenburg-Vorpommern",18233
394335,"Carinerland","18236","Mecklenburg-Vorpommern",18236
1444898,"Carlow","19217","Mecklenburg-Vorpommern",19217
1249752,"Carlsberg","67316","Rheinland-Pfalz",67316
1334085,"Carmzow-Wallmow","17291","Brandenburg",17291
1419603,"Carpin","17237","Mecklenburg-Vorpommern",17237
1334120,"Casekow","16306","Brandenburg",16306
283690,"Castell","97355","Bayern",97355
56664,"Castrop-Rauxel","44575","Nordrhein-Westfalen",44575
56664,"Castrop-Rauxel","44577","Nordrhein-Westfalen",44577
56664,"Castrop-Rauxel","44579","Nordrhein-Westfalen",44579
56664,"Castrop-Rauxel","44581","Nordrhein-Westfalen",44581
535242,"Cavertitz","04758","Sachsen",4758
1797918,"Celle","29221","Niedersachsen",29221
1797918,"Celle","29223","Niedersachsen",29223
1797918,"Celle","29225","Niedersachsen",29225
1797918,"Celle","29227","Niedersachsen",29227
1797918,"Celle","29229","Niedersachsen",29229
960533,"Cham","93413","Bayern",93413
961936,"Chamerau","93466","Bayern",93466
537137,"Charlottenberg","56379","Rheinland-Pfalz",56379
62594,"Chemnitz","09111","Sachsen",9111
62594,"Chemnitz","09112","Sachsen",9112
62594,"Chemnitz","09113","Sachsen",9113
62594,"Chemnitz","09114","Sachsen",9114
62594,"Chemnitz","09116","Sachsen",9116
62594,"Chemnitz","09117","Sachsen",9117
62594,"Chemnitz","09119","Sachsen",9119
62594,"Chemnitz","09120","Sachsen",9120
62594,"Chemnitz","09122","Sachsen",9122
62594,"Chemnitz","09123","Sachsen",9123
62594,"Chemnitz","09125","Sachsen",9125
62594,"Chemnitz","09126","Sachsen",9126
62594,"Chemnitz","09127","Sachsen",9127
62594,"Chemnitz","09128","Sachsen",9128
62594,"Chemnitz","09130","Sachsen",9130
62594,"Chemnitz","09131","Sachsen",9131
62594,"Chemnitz","09224","Sachsen",9224
62594,"Chemnitz","09228","Sachsen",9228
62594,"Chemnitz","09247","Sachsen",9247
941738,"Chieming","83339","Bayern",83339
2168239,"Chiemsee, Gemeinde","83209","Bayern",83209
2168239,"Chiemsee, Gemeinde","83256","Bayern",83256
1318330,"Chorin","16230","Brandenburg",16230
2828120,"Christes","98547","Thüringen",98547
556652,"Christiansholm","24799","Schleswig-Holstein",24799
450066,"Christinenthal","25593","Schleswig-Holstein",25593
1251062,"Clausen","66978","Rheinland-Pfalz",66978
414483,"Claußnitz","09236","Sachsen",9236
1421436,"Clausthal-Zellerfeld","38667","Niedersachsen",38667
1421436,"Clausthal-Zellerfeld","38678","Niedersachsen",38678
1421436,"Clausthal-Zellerfeld","38707","Niedersachsen",38707
1421436,"Clausthal-Zellerfeld","38709","Niedersachsen",38709
410503,"Cleebronn","74389","Baden-Württemberg",74389
1821912,"Clenze","29459","Niedersachsen",29459
2388859,"Clingen","99718","Thüringen",99718
1109686,"Cloppenburg","49661","Niedersachsen",49661
62717,"Coburg","96450","Bayern",96450
1259317,"Cochem","56812","Rheinland-Pfalz",56812
157769,"Coesfeld","48653","Nordrhein-Westfalen",48653
225490,"Cölbe","35091","Hessen",35091
1286650,"Colbitz","39326","Sachsen-Anhalt",39326
422336,"Colditz","04680","Sachsen",4680
394507,"Collenberg","97896","Bayern",97896
394507,"Collenberg","97903","Bayern",97903
534189,"Colmberg","91598","Bayern",91598
2012318,"Colnrade","27243","Niedersachsen",27243
1419898,"Cölpin","17094","Mecklenburg-Vorpommern",17094
1250686,"Contwig","66497","Rheinland-Pfalz",66497
367050,"Coppenbrügge","31863","Niedersachsen",31863
238956,"Cornberg","36219","Hessen",36219
207975,"Coswig","01640","Sachsen",1640
934599,"Coswig (Anhalt)","06868","Sachsen-Anhalt",6868
934599,"Coswig (Anhalt)","06869","Sachsen-Anhalt",6869
62430,"Cottbus","03042","Brandenburg",3042
62430,"Cottbus","03044","Brandenburg",3044
62430,"Cottbus","03046","Brandenburg",3046
62430,"Cottbus","03048","Brandenburg",3048
62430,"Cottbus","03050","Brandenburg",3050
62430,"Cottbus","03051","Brandenburg",3051
62430,"Cottbus","03052","Brandenburg",3052
62430,"Cottbus","03053","Brandenburg",3053
62430,"Cottbus","03054","Brandenburg",3054
62430,"Cottbus","03055","Brandenburg",3055
390790,"Crailsheim","74564","Baden-Württemberg",74564
390790,"Crailsheim","74597","Baden-Württemberg",74597
537138,"Cramberg","65558","Rheinland-Pfalz",65558
1432657,"Cramme","38312","Niedersachsen",38312
1444884,"Cramonshagen","19071","Mecklenburg-Vorpommern",19071
1269964,"Crawinkel","99330","Thüringen",99330
402690,"Creglingen","97993","Baden-Württemberg",97993
1432639,"Cremlingen","38162","Niedersachsen",38162
1070990,"Creußen","95473","Bayern",95473
2888013,"Creuzburg","99831","Thüringen",99831
2788808,"Crimla","07557","Thüringen",7557
417074,"Crimmitschau","08451","Sachsen",8451
1303793,"Crinitz","03246","Brandenburg",3246
417712,"Crinitzberg","08147","Sachsen",8147
2179155,"Crispendorf","07924","Thüringen",7924
449933,"Crivitz","19089","Mecklenburg-Vorpommern",19089
1246782,"Cronenberg","67744","Rheinland-Pfalz",67744
2778362,"Crossen an der Elster","07613","Thüringen",7613
1307667,"Crostwitz","01920","Sachsen",1920
536635,"Crottendorf","09474","Sachsen",9474
1289809,"Cumlosen","19322","Brandenburg",19322
1309661,"Cunewalde","02733","Sachsen",2733
1273295,"Cursdorf","98744","Thüringen",98744
1518688,"Cuxhaven","27472","Niedersachsen",27472
1518688,"Cuxhaven","27474","Niedersachsen",27474
1518688,"Cuxhaven","27476","Niedersachsen",27476
1518688,"Cuxhaven","27478","Niedersachsen",27478
421951,"Daaden","57567","Rheinland-Pfalz",57567
2856990,"Daasdorf am Berge","99428","Thüringen",99428
449937,"Dabel","19406","Mecklenburg-Vorpommern",19406
1302363,"Dabergotz","16818","Brandenburg",16818
1427542,"Daberkow","17129","Mecklenburg-Vorpommern",17129
934468,"Dachau","85221","Bayern",85221
451741,"Dachsbach","91462","Bayern",91462
1240387,"Dachsberg (Südschwarzwald)","79837","Baden-Württemberg",79837
1240387,"Dachsberg (Südschwarzwald)","79875","Baden-Württemberg",79875
536239,"Dachsenhausen","56340","Rheinland-Pfalz",56340
2817222,"Dachwig","99100","Thüringen",99100
1249950,"Dackenheim","67273","Rheinland-Pfalz",67273
1113742,"Dackscheid","54649","Rheinland-Pfalz",54649
1420450,"Dagebüll","25899","Schleswig-Holstein",25899
447345,"Dägeling","25578","Schleswig-Holstein",25578
158155,"Dahlem","53949","Nordrhein-Westfalen",53949
1152673,"Dahlem","54636","Rheinland-Pfalz",54636
1895692,"Dahlem","21368","Niedersachsen",21368
535251,"Dahlen","04774","Sachsen",4774
1678375,"Dahlenburg","21368","Niedersachsen",21368
539904,"Dahlheim","56348","Rheinland-Pfalz",56348
1432628,"Dahlum","38170","Niedersachsen",38170
382426,"Dahme","23747","Schleswig-Holstein",23747
422441,"Dahme/Mark","15936","Brandenburg",15936
1979183,"Dahmen","17166","Mecklenburg-Vorpommern",17166
422440,"Dahmetal","15936","Brandenburg",15936
1466071,"Dahmker","22946","Schleswig-Holstein",22946
1251119,"Dahn","66994","Rheinland-Pfalz",66994
1113733,"Dahnen","54689","Rheinland-Pfalz",54689
1285613,"Dähre","29413","Sachsen-Anhalt",29413
2806597,"Daisendorf","88718","Baden-Württemberg",88718
962388,"Daiting","86653","Bayern",86653
1244217,"Dalberg","55595","Rheinland-Pfalz",55595
1444905,"Dalberg-Wendelstorf","19071","Mecklenburg-Vorpommern",19071
422878,"Daldorf","24635","Schleswig-Holstein",24635
1113766,"Daleiden","54689","Rheinland-Pfalz",54689
1245833,"Dalheim","55278","Rheinland-Pfalz",55278
1996946,"Dalkendorf","17166","Mecklenburg-Vorpommern",17166
1467752,"Dalldorf","21483","Schleswig-Holstein",21483
1177176,"Dallgow-Döberitz","14624","Brandenburg",14624
1246409,"Dambach","55765","Rheinland-Pfalz",55765
1451510,"Dambeck","19357","Mecklenburg-Vorpommern",19357
548613,"Damendorf","24361","Schleswig-Holstein",24361
1257085,"Damflos","54413","Rheinland-Pfalz",54413
382416,"Damlos","23738","Schleswig-Holstein",23738
387717,"Dammbach","63874","Bayern",63874
1398889,"Damme","49401","Niedersachsen",49401
448021,"Dammfleth","25554","Schleswig-Holstein",25554
448021,"Dammfleth","25573","Schleswig-Holstein",25573
1821764,"Damnatz","29472","Niedersachsen",29472
554528,"Damp","24351","Schleswig-Holstein",24351
1190011,"Damscheid","55432","Rheinland-Pfalz",55432
411624,"Damsdorf","23824","Schleswig-Holstein",23824
1479685,"Damshagen","23936","Mecklenburg-Vorpommern",23936
1479685,"Damshagen","23948","Mecklenburg-Vorpommern",23948
554639,"Dänischenhagen","24229","Schleswig-Holstein",24229
1060425,"Dankerath","53520","Rheinland-Pfalz",53520
2889815,"Dankmarshausen","99837","Thüringen",99837
288960,"Dannau","24329","Schleswig-Holstein",24329
1446664,"Danndorf","38461","Niedersachsen",38461
1821329,"Dannenberg","29451","Niedersachsen",29451
1254056,"Dannenfels","67814","Rheinland-Pfalz",67814
1157536,"Dannewerk","24867","Schleswig-Holstein",24867
422700,"Dannstadt-Schauernheim","67125","Rheinland-Pfalz",67125
1432581,"Dargelin","17498","Mecklenburg-Vorpommern",17498
1433100,"Dargen","17419","Mecklenburg-Vorpommern",17419
1433100,"Dargen","17429","Mecklenburg-Vorpommern",17429
1427212,"Dargun","17159","Mecklenburg-Vorpommern",17159
62581,"Darmstadt","64283","Hessen",64283
62581,"Darmstadt","64285","Hessen",64285
62581,"Darmstadt","64287","Hessen",64287
62581,"Darmstadt","64289","Hessen",64289
62581,"Darmstadt","64291","Hessen",64291
62581,"Darmstadt","64293","Hessen",64293
62581,"Darmstadt","64295","Hessen",64295
62581,"Darmstadt","64297","Hessen",64297
1085793,"Darscheid","54552","Rheinland-Pfalz",54552
1251074,"Darstein","76848","Rheinland-Pfalz",76848
1113755,"Dasburg","54689","Rheinland-Pfalz",54689
163654,"Dasing","86453","Bayern",86453
156754,"Dassel","37586","Niedersachsen",37586
158720,"Dassendorf","21521","Schleswig-Holstein",21521
1478016,"Dassow","23942","Mecklenburg-Vorpommern",23942
548550,"Dätgen","24589","Schleswig-Holstein",24589
63509,"Datteln","45711","Nordrhein-Westfalen",45711
443576,"Dattenberg","53547","Rheinland-Pfalz",53547
444275,"Datzeroth","56589","Rheinland-Pfalz",56589
1419707,"Datzetal","17099","Mecklenburg-Vorpommern",17099
453830,"Daubach","56412","Rheinland-Pfalz",56412
1244168,"Daubach","55566","Rheinland-Pfalz",55566
1242303,"Dauchingen","78083","Baden-Württemberg",78083
971034,"Daun","54550","Rheinland-Pfalz",54550
535688,"Dausenau","56132","Rheinland-Pfalz",56132
2780875,"Dautmergen","72356","Baden-Württemberg",72356
225488,"Dautphetal","35232","Hessen",35232
1171849,"Dauwelshausen","54673","Rheinland-Pfalz",54673
1243990,"Daxweiler","55442","Rheinland-Pfalz",55442
1444883,"Dechow","19217","Mecklenburg-Vorpommern",19217
722155,"Deckenpfronn","75392","Baden-Württemberg",75392
1392689,"Dedelstorf","29386","Niedersachsen",29386
1050574,"Dedenbach","53426","Rheinland-Pfalz",53426
2011074,"Deensen","37627","Niedersachsen",37627
1273294,"Deesbach","98744","Thüringen",98744
532371,"Deesen","56237","Rheinland-Pfalz",56237
959809,"Deggendorf","94469","Bayern",94469
2783887,"Deggenhausertal","88693","Baden-Württemberg",88693
2772181,"Deggingen","73312","Baden-Württemberg",73312
2772181,"Deggingen","73326","Baden-Württemberg",73326
1249974,"Deidesheim","67146","Rheinland-Pfalz",67146
1249974,"Deidesheim","67157","Rheinland-Pfalz",67157
1249974,"Deidesheim","67435","Rheinland-Pfalz",67435
1249974,"Deidesheim","67466","Rheinland-Pfalz",67466
2781622,"Deilingen","78586","Baden-Württemberg",78586
1246777,"Deimberg","67742","Rheinland-Pfalz",67742
1028802,"Deining","92364","Bayern",92364
962644,"Deiningen","86738","Bayern",86738
445845,"Deinste","21717","Niedersachsen",21717
1079019,"Deinstedt","27446","Niedersachsen",27446
964147,"Deisenhausen","86489","Bayern",86489
943747,"Deißlingen","78652","Baden-Württemberg",78652
2792784,"Deizisau","73779","Baden-Württemberg",73779
148073,"Delbrück","33129","Nordrhein-Westfalen",33129
453747,"Delingsdorf","22941","Schleswig-Holstein",22941
444742,"Delitzsch","04509","Sachsen",4509
1250690,"Dellfeld","66503","Rheinland-Pfalz",66503
1184843,"Delligsen","31073","Niedersachsen",31073
966738,"Dellstedt","25786","Schleswig-Holstein",25786
62414,"Delmenhorst","27749","Niedersachsen",27749
62414,"Delmenhorst","27751","Niedersachsen",27751
62414,"Delmenhorst","27753","Niedersachsen",27753
62414,"Delmenhorst","27755","Niedersachsen",27755
958232,"Delve","25788","Schleswig-Holstein",25788
449932,"Demen","19089","Mecklenburg-Vorpommern",19089
1085819,"Demerath","54552","Rheinland-Pfalz",54552
1307622,"Demitz-Thumitz","01877","Sachsen",1877
1427221,"Demmin","17109","Mecklenburg-Vorpommern",17109
943561,"Denkendorf","85095","Bayern",85095
2793020,"Denkendorf","73770","Baden-Württemberg",73770
1231958,"Denkingen","78554","Baden-Württemberg",78554
1231958,"Denkingen","78588","Baden-Württemberg",78588
933948,"Denklingen","86920","Bayern",86920
1432672,"Denkte","38321","Niedersachsen",38321
417024,"Dennheritz","08393","Sachsen",8393
1246588,"Dennweiler-Frohnbach","66871","Rheinland-Pfalz",66871
1074567,"Densborn","54570","Rheinland-Pfalz",54570
534183,"Dentlein am Forst","91599","Bayern",91599
1970186,"Denzlingen","79211","Baden-Württemberg",79211
1184655,"Derental","37691","Niedersachsen",37691
2889828,"Dermbach","36466","Thüringen",36466
1021835,"Dernau","53507","Rheinland-Pfalz",53507
445745,"Dernbach","56307","Rheinland-Pfalz",56307
1252773,"Dernbach","76857","Rheinland-Pfalz",76857
535125,"Dernbach (Westerwald)","56428","Rheinland-Pfalz",56428
310406,"Dersau","24326","Schleswig-Holstein",24326
421954,"Derschen","57520","Rheinland-Pfalz",57520
1432582,"Dersekow","17498","Mecklenburg-Vorpommern",17498
1451579,"Dersenow","19260","Mecklenburg-Vorpommern",19260
1474193,"Dersum","26906","Niedersachsen",26906
1244062,"Desloch","55592","Rheinland-Pfalz",55592
62526,"Dessau-Roßlau","06842","Sachsen-Anhalt",6842
62526,"Dessau-Roßlau","06844","Sachsen-Anhalt",6844
62526,"Dessau-Roßlau","06846","Sachsen-Anhalt",6846
62526,"Dessau-Roßlau","06847","Sachsen-Anhalt",6847
62526,"Dessau-Roßlau","06849","Sachsen-Anhalt",6849
62526,"Dessau-Roßlau","06861","Sachsen-Anhalt",6861
62526,"Dessau-Roßlau","06862","Sachsen-Anhalt",6862
540062,"Dessighofen","56357","Rheinland-Pfalz",56357
1187426,"Detern","26847","Niedersachsen",26847
142681,"Detmold","32756","Nordrhein-Westfalen",32756
142681,"Detmold","32758","Nordrhein-Westfalen",32758
142681,"Detmold","32760","Nordrhein-Westfalen",32760
283566,"Dettelbach","97337","Bayern",97337
2778909,"Dettenhausen","72135","Baden-Württemberg",72135
659804,"Dettenheim","76706","Baden-Württemberg",76706
2785880,"Dettighofen","79802","Baden-Württemberg",79802
2774074,"Dettingen an der Erms","72581","Baden-Württemberg",72581
2801147,"Dettingen an der Iller","88451","Baden-Württemberg",88451
2794237,"Dettingen unter Teck","73265","Baden-Württemberg",73265
372848,"Dettmannsdorf","18334","Mecklenburg-Vorpommern",18334
1432671,"Dettum","38173","Niedersachsen",38173
1255901,"Detzem","54340","Rheinland-Pfalz",54340
1085792,"Deudesfeld","54570","Rheinland-Pfalz",54570
965022,"Deuerling","93180","Bayern",93180
2395041,"Deuna","37355","Thüringen",37355
1258426,"Deuselbach","54411","Rheinland-Pfalz",54411
1378227,"Deutsch Evern","21407","Niedersachsen",21407
422220,"Deutschneudorf","09548","Sachsen",9548
1245828,"Dexheim","55278","Rheinland-Pfalz",55278
372852,"Deyelsdorf","18513","Mecklenburg-Vorpommern",18513
1258413,"Dhronecken","54426","Rheinland-Pfalz",54426
1241480,"Dichtelbach","55494","Rheinland-Pfalz",55494
1588111,"Dickel","49453","Niedersachsen",49453
421925,"Dickendorf","57520","Rheinland-Pfalz",57520
1245196,"Dickenschied","55483","Rheinland-Pfalz",55483
1245073,"Dickesbach","55758","Rheinland-Pfalz",55758
1363680,"Didderse","38530","Niedersachsen",38530
534086,"Diebach","91583","Bayern",91583
546630,"Dieblich","56332","Rheinland-Pfalz",56332
452393,"Dieburg","64807","Hessen",64807
443306,"Diedorf","86420","Bayern",86420
2900131,"Diedorf/Rhön","36452","Thüringen",36452
912079,"Diedrichshagen","17498","Mecklenburg-Vorpommern",17498
1258639,"Diefenbach","54538","Rheinland-Pfalz",54538
1991134,"Diekhof","18299","Mecklenburg-Vorpommern",18299
1168910,"Diekholzen","31199","Niedersachsen",31199
935734,"Diekhusen-Fahrstedt","25709","Schleswig-Holstein",25709
453375,"Dielheim","69234","Baden-Württemberg",69234
1253985,"Dielkirchen","67811","Rheinland-Pfalz",67811
1184659,"Dielmissen","37633","Niedersachsen",37633
199139,"Diemelsee","34519","Hessen",34519
162250,"Diemelstadt","34474","Hessen",34474
540066,"Dienethal","56379","Rheinland-Pfalz",56379
1245832,"Dienheim","55276","Rheinland-Pfalz",55276
1384829,"Diensdorf-Radlow","15864","Brandenburg",15864
1244274,"Dienstweiler","55765","Rheinland-Pfalz",55765
1183267,"Diepenau","31603","Niedersachsen",31603
1379354,"Diepholz","49356","Niedersachsen",49356
549803,"Diera-Zehren","01665","Sachsen",1665
1252817,"Dierbach","76889","Rheinland-Pfalz",76889
444327,"Dierdorf","56269","Rheinland-Pfalz",56269
1258888,"Dierfeld","54533","Rheinland-Pfalz",54533
374236,"Dierhagen","18347","Mecklenburg-Vorpommern",18347
1259131,"Dierscheid","54523","Rheinland-Pfalz",54523
1285574,"Diesdorf","29413","Sachsen-Anhalt",29413
357015,"Diespeck","91456","Bayern",91456
933895,"Dießen am Ammersee","86911","Bayern",86911
2801099,"Dietenheim","89165","Baden-Württemberg",89165
534273,"Dietenhofen","90599","Bayern",90599
2813130,"Dieterode","37318","Thüringen",37318
957057,"Dietersburg","84378","Bayern",84378
357039,"Dietersheim","91463","Bayern",91463
961860,"Dieterskirchen","92542","Bayern",92542
1028811,"Dietfurt an der Altmühl","92345","Bayern",92345
540448,"Diethardt","56355","Rheinland-Pfalz",56355
943745,"Dietingen","78661","Baden-Württemberg",78661
957646,"Dietmannsried","87463","Bayern",87463
935150,"Dietramszell","83623","Bayern",83623
1250689,"Dietrichingen","66484","Rheinland-Pfalz",66484
416276,"Dietzenbach","63128","Hessen",63128
2814975,"Dietzenrode/Vatterode","37318","Thüringen",37318
215964,"Dietzhölztal","35716","Hessen",35716
537139,"Diez","65582","Rheinland-Pfalz",65582
1245184,"Dill","55487","Rheinland-Pfalz",55487
215966,"Dillenburg","35683","Hessen",35683
215966,"Dillenburg","35684","Hessen",35684
215966,"Dillenburg","35685","Hessen",35685
215966,"Dillenburg","35686","Hessen",35686
215966,"Dillenburg","35687","Hessen",35687
215966,"Dillenburg","35688","Hessen",35688
215966,"Dillenburg","35689","Hessen",35689
215966,"Dillenburg","35690","Hessen",35690
959460,"Dillendorf","55481","Rheinland-Pfalz",55481
957026,"Dillingen a.d.Donau","89407","Bayern",89407
1184561,"Dillingen/Saar","66763","Saarland",66763
2828139,"Dillstädt","98530","Thüringen",98530
1251076,"Dimbach","76848","Rheinland-Pfalz",76848
1108051,"Dingdorf","54614","Rheinland-Pfalz",54614
2394547,"Dingelstädt","37351","Thüringen",37351
938017,"Dingen","25715","Schleswig-Holstein",25715
959903,"Dingolfing","84130","Bayern",84130
318257,"Dingolshausen","97497","Bayern",97497
1270371,"Dingsleben","98646","Thüringen",98646
534177,"Dinkelsbühl","91550","Bayern",91550
452583,"Dinkelscherben","86424","Bayern",86424
1400520,"Dinklage","49413","Niedersachsen",49413
54462,"Dinslaken","46535","Nordrhein-Westfalen",46535
54462,"Dinslaken","46537","Nordrhein-Westfalen",46537
54462,"Dinslaken","46539","Nordrhein-Westfalen",46539
1248587,"Dintesheim","55234","Rheinland-Pfalz",55234
2889816,"Dippach","99837","Thüringen",99837
454869,"Dipperz","36160","Hessen",36160
3409918,"Dippoldiswalde","01744","Sachsen",1744
957117,"Dirlewang","87742","Bayern",87742
957117,"Dirlewang","87782","Bayern",87782
1249740,"Dirmstein","67246","Rheinland-Pfalz",67246
2826521,"Dischingen","89561","Baden-Württemberg",89561
1086002,"Dissen","49201","Niedersachsen",49201
1322842,"Dissen-Striesow","03096","Brandenburg",3096
1332186,"Ditfurt","06484","Sachsen-Anhalt",6484
548039,"Ditscheid","56729","Rheinland-Pfalz",56729
318746,"Dittelbrunn","97456","Bayern",97456
1248782,"Dittelsheim-Heßloch","67596","Rheinland-Pfalz",67596
1015103,"Dittenheim","91723","Bayern",91723
2179156,"Dittersdorf","07907","Thüringen",7907
1246451,"Dittweiler","66903","Rheinland-Pfalz",66903
405817,"Ditzingen","71254","Baden-Württemberg",71254
374309,"Divitz-Spoldershagen","18314","Mecklenburg-Vorpommern",18314
449907,"Dobbertin","19399","Mecklenburg-Vorpommern",19399
1965797,"Dobbin-Linstow","18292","Mecklenburg-Vorpommern",18292
308260,"Dobel","75335","Baden-Württemberg",75335
415413,"Döbeln","04720","Sachsen",4720
1322948,"Doberlug-Kirchhain","03253","Brandenburg",3253
1322603,"Döbern","03159","Brandenburg",3159
1309671,"Doberschau-Gaußig","01877","Sachsen",1877
1309671,"Doberschau-Gaußig","02633","Sachsen",2633
1309671,"Doberschau-Gaußig","02692","Sachsen",2692
446698,"Doberschütz","04838","Sachsen",4838
289174,"Dobersdorf","24232","Schleswig-Holstein",24232
449946,"Dobin am See","19067","Mecklenburg-Vorpommern",19067
2778469,"Dobitschen","04626","Thüringen",4626
2856991,"Döbritschen","99441","Thüringen",99441
2179159,"Döbritz","07381","Thüringen",7381
1152677,"Dockendorf","54636","Rheinland-Pfalz",54636
949991,"Dockweiler","54552","Rheinland-Pfalz",54552
1259125,"Dodenburg","54518","Rheinland-Pfalz",54518
2786027,"Dogern","79804","Baden-Württemberg",79804
1021707,"Döhlau","95182","Bayern",95182
534519,"Dohma","01796","Sachsen",1796
330972,"Dohm-Lammersdorf","54576","Rheinland-Pfalz",54576
455485,"Dohna","01809","Sachsen",1809
1259302,"Dohr","56812","Rheinland-Pfalz",56812
310311,"Dohren","21255","Niedersachsen",21255
2006904,"Dohren","49770","Niedersachsen",49770
1971864,"Dolgen am See","18299","Mecklenburg-Vorpommern",18299
1245842,"Dolgesheim","55278","Rheinland-Pfalz",55278
445841,"Dollern","21739","Niedersachsen",21739
1149278,"Dollerup","24989","Schleswig-Holstein",24989
943536,"Dollnstein","91795","Bayern",91795
1149235,"Dollrottfeld","24392","Schleswig-Holstein",24392
2817225,"Döllstädt","99100","Thüringen",99100
534091,"Dombühl","91601","Bayern",91601
1451530,"Dömitz","19303","Mecklenburg-Vorpommern",19303
1204715,"Dommershausen","56290","Rheinland-Pfalz",56290
446701,"Dommitzsch","04880","Sachsen",4880
449915,"Domsühl","19374","Mecklenburg-Vorpommern",19374
1242301,"Donaueschingen","78166","Baden-Württemberg",78166
964613,"Donaustauf","93093","Bayern",93093
582215,"Donauwörth","86609","Bayern",86609
2348385,"Donndorf","06571","Thüringen",6571
318260,"Donnersdorf","97499","Bayern",97499
1251059,"Donsieders","66978","Rheinland-Pfalz",66978
2772182,"Donzdorf","73072","Baden-Württemberg",73072
142679,"Dörentrup","32694","Nordrhein-Westfalen",32694
416547,"Dorfchemnitz","09619","Sachsen",9619
934750,"Dorfen","84405","Bayern",84405
455472,"Dorfhain","01738","Sachsen",1738
956802,"Dörfles-Esbach","96487","Bayern",96487
1504826,"Dorf Mecklenburg","23972","Mecklenburg-Vorpommern",23972
394509,"Dorfprozelten","97904","Bayern",97904
168449,"Dormagen","41539","Nordrhein-Westfalen",41539
168449,"Dormagen","41540","Nordrhein-Westfalen",41540
168449,"Dormagen","41541","Nordrhein-Westfalen",41541
168449,"Dormagen","41542","Nordrhein-Westfalen",41542
2780661,"Dormettingen","72358","Baden-Württemberg",72358
1080438,"Dormitz","91077","Bayern",91077
537140,"Dörnberg","56377","Rheinland-Pfalz",56377
537140,"Dörnberg","56379","Rheinland-Pfalz",56379
324302,"Dornburg","65599","Hessen",65599
2778363,"Dornburg-Camburg","07774","Thüringen",7774
1246420,"Dorn-Dürkheim","67585","Rheinland-Pfalz",67585
943746,"Dornhan","72175","Baden-Württemberg",72175
396564,"Dornheim","99310","Thüringen",99310
540060,"Dornholzhausen","56357","Rheinland-Pfalz",56357
310466,"Dörnick","24326","Schleswig-Holstein",24326
2788024,"Dornstadt","89160","Baden-Württemberg",89160
935832,"Dornstetten","72280","Baden-Württemberg",72280
898629,"Dornum","26553","Niedersachsen",26553
2007906,"Dörpen","26892","Niedersachsen",26892
554526,"Dörphof","24398","Schleswig-Holstein",24398
965579,"Dörpling","25794","Schleswig-Holstein",25794
1157656,"Dörpstedt","24869","Schleswig-Holstein",24869
1243983,"Dörrebach","55444","Rheinland-Pfalz",55444
1252829,"Dörrenbach","76889","Rheinland-Pfalz",76889
1253981,"Dörrmoschel","67806","Rheinland-Pfalz",67806
539914,"Dörscheid","56348","Rheinland-Pfalz",56348
539715,"Dörsdorf","56370","Rheinland-Pfalz",56370
1060415,"Dorsel","53533","Rheinland-Pfalz",53533
1243998,"Dorsheim","55452","Rheinland-Pfalz",55452
1432669,"Dorstadt","38312","Niedersachsen",38312
63505,"Dorsten","46282","Nordrhein-Westfalen",46282
63505,"Dorsten","46284","Nordrhein-Westfalen",46284
63505,"Dorsten","46286","Nordrhein-Westfalen",46286
1182322,"Dörth","56281","Rheinland-Pfalz",56281
1829065,"Dortmund","44135","Nordrhein-Westfalen",44135
1829065,"Dortmund","44137","Nordrhein-Westfalen",44137
1829065,"Dortmund","44139","Nordrhein-Westfalen",44139
1829065,"Dortmund","44141","Nordrhein-Westfalen",44141
1829065,"Dortmund","44143","Nordrhein-Westfalen",44143
1829065,"Dortmund","44145","Nordrhein-Westfalen",44145
1829065,"Dortmund","44147","Nordrhein-Westfalen",44147
1829065,"Dortmund","44149","Nordrhein-Westfalen",44149
1829065,"Dortmund","44225","Nordrhein-Westfalen",44225
1829065,"Dortmund","44227","Nordrhein-Westfalen",44227
1829065,"Dortmund","44229","Nordrhein-Westfalen",44229
1829065,"Dortmund","44263","Nordrhein-Westfalen",44263
1829065,"Dortmund","44265","Nordrhein-Westfalen",44265
1829065,"Dortmund","44267","Nordrhein-Westfalen",44267
1829065,"Dortmund","44269","Nordrhein-Westfalen",44269
1829065,"Dortmund","44287","Nordrhein-Westfalen",44287
1829065,"Dortmund","44289","Nordrhein-Westfalen",44289
1829065,"Dortmund","44309","Nordrhein-Westfalen",44309
1829065,"Dortmund","44319","Nordrhein-Westfalen",44319
1829065,"Dortmund","44328","Nordrhein-Westfalen",44328
1829065,"Dortmund","44329","Nordrhein-Westfalen",44329
1829065,"Dortmund","44339","Nordrhein-Westfalen",44339
1829065,"Dortmund","44357","Nordrhein-Westfalen",44357
1829065,"Dortmund","44359","Nordrhein-Westfalen",44359
1829065,"Dortmund","44369","Nordrhein-Westfalen",44369
1829065,"Dortmund","44379","Nordrhein-Westfalen",44379
1829065,"Dortmund","44388","Nordrhein-Westfalen",44388
1182604,"Dörverden","27313","Niedersachsen",27313
376860,"Dörzbach","74677","Baden-Württemberg",74677
1273285,"Döschnitz","07429","Thüringen",7429
454179,"Dossenheim","69221","Baden-Württemberg",69221
1187317,"Dötlingen","27801","Niedersachsen",27801
2780662,"Dotternhausen","72359","Baden-Württemberg",72359
445741,"Döttesfeld","56305","Rheinland-Pfalz",56305
1322809,"Drachhausen","03185","Brandenburg",3185
959174,"Drachselsried","94256","Bayern",94256
2772183,"Drackenstein","73345","Baden-Württemberg",73345
308488,"Drage","21423","Niedersachsen",21423
450076,"Drage","25582","Schleswig-Holstein",25582
1402988,"Drage","25840","Schleswig-Holstein",25840
1402988,"Drage","25878","Schleswig-Holstein",25878
1444889,"Dragun","19205","Mecklenburg-Vorpommern",19205
1389403,"Drahnsdorf","15938","Brandenburg",15938
1183250,"Drakenburg","31623","Niedersachsen",31623
1399074,"Dransfeld","37127","Niedersachsen",37127
1437953,"Dranske","18556","Mecklenburg-Vorpommern",18556
2179157,"Dreba","07806","Thüringen",7806
379269,"Drebach","09430","Sachsen",9430
1460920,"Drebber","49457","Niedersachsen",49457
1322549,"Drebkau","03116","Brandenburg",3116
372345,"Drechow","18465","Mecklenburg-Vorpommern",18465
1075143,"Drees","53520","Rheinland-Pfalz",53520
1302387,"Dreetz","16845","Brandenburg",16845
1963381,"Dreetz","18249","Mecklenburg-Vorpommern",18249
422765,"Dreggers","23845","Schleswig-Holstein",23845
1322807,"Drehnow","03185","Brandenburg",3185
659750,"Dreieich","63303","Hessen",63303
453154,"Dreifelden","57629","Rheinland-Pfalz",57629
2802226,"Drei Gleichen","99869","Thüringen",99869
446702,"Dreiheide","04860","Sachsen",4860
534475,"Dreikirchen","56414","Rheinland-Pfalz",56414
1259128,"Dreis","54518","Rheinland-Pfalz",54518
451703,"Dreisbach","56472","Rheinland-Pfalz",56472
950001,"Dreis-Brück","54552","Rheinland-Pfalz",54552
1254396,"Dreisen","67816","Rheinland-Pfalz",67816
2179158,"Dreitzsch","07819","Thüringen",7819
1415602,"Drelsdorf","25853","Schleswig-Holstein",25853
152286,"Drensteinfurt","48317","Nordrhein-Westfalen",48317
1621065,"Drentwede","49406","Niedersachsen",49406
1438075,"Dreschvitz","18573","Mecklenburg-Vorpommern",18573
191645,"Dresden","01067","Sachsen",1067
191645,"Dresden","01069","Sachsen",1069
191645,"Dresden","01097","Sachsen",1097
191645,"Dresden","01099","Sachsen",1099
191645,"Dresden","01108","Sachsen",1108
191645,"Dresden","01109","Sachsen",1109
191645,"Dresden","01127","Sachsen",1127
191645,"Dresden","01129","Sachsen",1129
191645,"Dresden","01139","Sachsen",1139
191645,"Dresden","01156","Sachsen",1156
191645,"Dresden","01157","Sachsen",1157
191645,"Dresden","01159","Sachsen",1159
191645,"Dresden","01169","Sachsen",1169
191645,"Dresden","01187","Sachsen",1187
191645,"Dresden","01189","Sachsen",1189
191645,"Dresden","01217","Sachsen",1217
191645,"Dresden","01219","Sachsen",1219
191645,"Dresden","01237","Sachsen",1237
191645,"Dresden","01239","Sachsen",1239
191645,"Dresden","01257","Sachsen",1257
191645,"Dresden","01259","Sachsen",1259
191645,"Dresden","01277","Sachsen",1277
191645,"Dresden","01279","Sachsen",1279
191645,"Dresden","01307","Sachsen",1307
191645,"Dresden","01309","Sachsen",1309
191645,"Dresden","01324","Sachsen",1324
191645,"Dresden","01326","Sachsen",1326
191645,"Dresden","01328","Sachsen",1328
191645,"Dresden","01465","Sachsen",1465
280541,"Drestedt","21255","Niedersachsen",21255
280541,"Drestedt","21279","Niedersachsen",21279
215973,"Driedorf","35759","Hessen",35759
1273296,"Dröbischau","07426","Thüringen",7426
444768,"Drochtersen","21706","Niedersachsen",21706
2778470,"Drogen","04626","Thüringen",4626
1273362,"Drognitz","07338","Thüringen",7338
163174,"Drolshagen","57489","Nordrhein-Westfalen",57489
2404191,"Droyßig","06722","Sachsen-Anhalt",6722
1463294,"Düchelsdorf","23847","Schleswig-Holstein",23847
1432547,"Ducherow","17398","Mecklenburg-Vorpommern",17398
1244041,"Duchroth","55585","Rheinland-Pfalz",55585
1244041,"Duchroth","67826","Rheinland-Pfalz",67826
1427273,"Duckow","17139","Mecklenburg-Vorpommern",17139
1152662,"Dudeldorf","54647","Rheinland-Pfalz",54647
444950,"Düdenbüttel","21709","Niedersachsen",21709
422704,"Dudenhofen","67373","Rheinland-Pfalz",67373
1399072,"Duderstadt","37115","Niedersachsen",37115
965016,"Duggendorf","93182","Bayern",93182
965016,"Duggendorf","93195","Bayern",93195
6683478,"Duingen","31089","Niedersachsen",31089
62456,"Duisburg","47051","Nordrhein-Westfalen",47051
62456,"Duisburg","47053","Nordrhein-Westfalen",47053
62456,"Duisburg","47055","Nordrhein-Westfalen",47055
62456,"Duisburg","47057","Nordrhein-Westfalen",47057
62456,"Duisburg","47058","Nordrhein-Westfalen",47058
62456,"Duisburg","47059","Nordrhein-Westfalen",47059
62456,"Duisburg","47119","Nordrhein-Westfalen",47119
62456,"Duisburg","47137","Nordrhein-Westfalen",47137
62456,"Duisburg","47138","Nordrhein-Westfalen",47138
62456,"Duisburg","47139","Nordrhein-Westfalen",47139
62456,"Duisburg","47166","Nordrhein-Westfalen",47166
62456,"Duisburg","47167","Nordrhein-Westfalen",47167
62456,"Duisburg","47169","Nordrhein-Westfalen",47169
62456,"Duisburg","47178","Nordrhein-Westfalen",47178
62456,"Duisburg","47179","Nordrhein-Westfalen",47179
62456,"Duisburg","47198","Nordrhein-Westfalen",47198
62456,"Duisburg","47199","Nordrhein-Westfalen",47199
62456,"Duisburg","47226","Nordrhein-Westfalen",47226
62456,"Duisburg","47228","Nordrhein-Westfalen",47228
62456,"Duisburg","47229","Nordrhein-Westfalen",47229
62456,"Duisburg","47239","Nordrhein-Westfalen",47239
62456,"Duisburg","47249","Nordrhein-Westfalen",47249
62456,"Duisburg","47259","Nordrhein-Westfalen",47259
62456,"Duisburg","47269","Nordrhein-Westfalen",47269
62456,"Duisburg","47279","Nordrhein-Westfalen",47279
157767,"Dülmen","48249","Nordrhein-Westfalen",48249
1451536,"Dümmer","19073","Mecklenburg-Vorpommern",19073
394342,"Dummerstorf","18196","Mecklenburg-Vorpommern",18196
1060429,"Dümpelfeld","53520","Rheinland-Pfalz",53520
1266513,"Dünfus","56754","Rheinland-Pfalz",56754
1259836,"Düngenheim","56761","Rheinland-Pfalz",56761
943753,"Dunningen","78655","Baden-Württemberg",78655
943753,"Dunningen","78713","Baden-Württemberg",78713
2012319,"Dünsen","27243","Niedersachsen",27243
1428584,"Dunsum","25938","Schleswig-Holstein",25938
2012453,"Dunum","26427","Niedersachsen",26427
2896616,"Dünwald","99976","Thüringen",99976
1246449,"Dunzweiler","66916","Rheinland-Pfalz",66916
1074557,"Duppach","54597","Rheinland-Pfalz",54597
957723,"Durach","87471","Bayern",87471
452991,"Durbach","77770","Baden-Württemberg",77770
1231968,"Dürbheim","78589","Baden-Württemberg",78589
1231972,"Durchhausen","78591","Baden-Württemberg",78591
163046,"Düren","52349","Nordrhein-Westfalen",52349
163046,"Düren","52351","Nordrhein-Westfalen",52351
163046,"Düren","52353","Nordrhein-Westfalen",52353
163046,"Düren","52355","Nordrhein-Westfalen",52355
915410,"Durlangen","73568","Baden-Württemberg",73568
2802281,"Dürmentingen","88525","Baden-Württemberg",88525
907159,"Durmersheim","76448","Baden-Württemberg",76448
2792632,"Dürnau","73105","Baden-Württemberg",73105
2801318,"Dürnau","88422","Baden-Württemberg",88422
1311100,"Dürrhennersdorf","02708","Sachsen",2708
445742,"Dürrholz","56307","Rheinland-Pfalz",56307
964238,"Dürrlauingen","89350","Bayern",89350
534520,"Dürrröhrsdorf-Dittersbach","01833","Sachsen",1833
534176,"Dürrwangen","91602","Bayern",91602
62539,"Düsseldorf","40210","Nordrhein-Westfalen",40210
62539,"Düsseldorf","40211","Nordrhein-Westfalen",40211
62539,"Düsseldorf","40212","Nordrhein-Westfalen",40212
62539,"Düsseldorf","40213","Nordrhein-Westfalen",40213
62539,"Düsseldorf","40215","Nordrhein-Westfalen",40215
62539,"Düsseldorf","40217","Nordrhein-Westfalen",40217
62539,"Düsseldorf","40219","Nordrhein-Westfalen",40219
62539,"Düsseldorf","40221","Nordrhein-Westfalen",40221
62539,"Düsseldorf","40223","Nordrhein-Westfalen",40223
62539,"Düsseldorf","40225","Nordrhein-Westfalen",40225
62539,"Düsseldorf","40227","Nordrhein-Westfalen",40227
62539,"Düsseldorf","40229","Nordrhein-Westfalen",40229
62539,"Düsseldorf","40231","Nordrhein-Westfalen",40231
62539,"Düsseldorf","40233","Nordrhein-Westfalen",40233
62539,"Düsseldorf","40235","Nordrhein-Westfalen",40235
62539,"Düsseldorf","40237","Nordrhein-Westfalen",40237
62539,"Düsseldorf","40239","Nordrhein-Westfalen",40239
62539,"Düsseldorf","40468","Nordrhein-Westfalen",40468
62539,"Düsseldorf","40470","Nordrhein-Westfalen",40470
62539,"Düsseldorf","40472","Nordrhein-Westfalen",40472
62539,"Düsseldorf","40474","Nordrhein-Westfalen",40474
62539,"Düsseldorf","40476","Nordrhein-Westfalen",40476
62539,"Düsseldorf","40477","Nordrhein-Westfalen",40477
62539,"Düsseldorf","40479","Nordrhein-Westfalen",40479
62539,"Düsseldorf","40489","Nordrhein-Westfalen",40489
62539,"Düsseldorf","40545","Nordrhein-Westfalen",40545
62539,"Düsseldorf","40547","Nordrhein-Westfalen",40547
62539,"Düsseldorf","40549","Nordrhein-Westfalen",40549
62539,"Düsseldorf","40589","Nordrhein-Westfalen",40589
62539,"Düsseldorf","40591","Nordrhein-Westfalen",40591
62539,"Düsseldorf","40593","Nordrhein-Westfalen",40593
62539,"Düsseldorf","40595","Nordrhein-Westfalen",40595
62539,"Düsseldorf","40597","Nordrhein-Westfalen",40597
62539,"Düsseldorf","40599","Nordrhein-Westfalen",40599
62539,"Düsseldorf","40625","Nordrhein-Westfalen",40625
62539,"Düsseldorf","40627","Nordrhein-Westfalen",40627
62539,"Düsseldorf","40629","Nordrhein-Westfalen",40629
62539,"Düsseldorf","40721","Nordrhein-Westfalen",40721
2778747,"Dußlingen","72144","Baden-Württemberg",72144
1465815,"Duvensee","23898","Schleswig-Holstein",23898
2389086,"Ebeleben","99713","Thüringen",99713
388843,"Ebelsbach","97500","Bayern",97500
1026854,"Ebensfeld","96250","Bayern",96250
2900652,"Ebenshausen","99826","Thüringen",99826
2808125,"Ebenweiler","88370","Baden-Württemberg",88370
453363,"Eberbach","64754","Baden-Württemberg",64754
453363,"Eberbach","69412","Baden-Württemberg",69412
453363,"Eberbach","69429","Baden-Württemberg",69429
453363,"Eberbach","69434","Baden-Württemberg",69434
405819,"Eberdingen","71735","Baden-Württemberg",71735
936944,"Eberfing","82390","Bayern",82390
1399066,"Ebergötzen","37136","Niedersachsen",37136
2801319,"Eberhardzell","88436","Baden-Württemberg",88436
1028562,"Ebermannsdorf","92263","Bayern",92263
1080480,"Ebermannstadt","91320","Bayern",91320
388838,"Ebern","96106","Bayern",96106
535126,"Ebernhahn","56424","Rheinland-Pfalz",56424
551161,"Ebersbach","01561","Sachsen",1561
2792717,"Ebersbach an der Fils","73061","Baden-Württemberg",73061
2808126,"Ebersbach-Musbach","88371","Baden-Württemberg",88371
1605089,"Ebersbach-Neugersdorf","02727","Sachsen",2727
1605089,"Ebersbach-Neugersdorf","02730","Sachsen",2730
929913,"Ebersberg","85560","Bayern",85560
454870,"Ebersburg","36157","Hessen",36157
1079024,"Ebersdorf","27432","Niedersachsen",27432
956869,"Ebersdorf b.Coburg","96237","Bayern",96237
962702,"Ebershausen","86491","Bayern",86491
409712,"Eberstadt","74246","Baden-Württemberg",74246
2856442,"Eberstedt","99518","Thüringen",99518
1318338,"Eberswalde","16225","Brandenburg",16225
1318338,"Eberswalde","16227","Brandenburg",16227
539703,"Ebertshausen","56370","Rheinland-Pfalz",56370
1249742,"Ebertsheim","67280","Rheinland-Pfalz",67280
1181073,"Ebhausen","72224","Baden-Württemberg",72224
975283,"Ebnath","95683","Bayern",95683
1077546,"Ebrach","96157","Bayern",96157
1946218,"Ebringen","79285","Baden-Württemberg",79285
225500,"Ebsdorfergrund","35085","Hessen",35085
1460253,"Ebstorf","29574","Niedersachsen",29574
1978256,"Echem","21379","Niedersachsen",21379
30009,"Eching","85386","Bayern",85386
190916,"Eching","84174","Bayern",84174
933872,"Eching am Ammersee","82279","Bayern",82279
1163500,"Echternacherbrück","54668","Rheinland-Pfalz",54668
1152697,"Echtershausen","54636","Rheinland-Pfalz",54636
450107,"Echzell","61200","Hessen",61200
450107,"Echzell","61209","Hessen",61209
2402487,"Eckartsberga","06648","Sachsen-Anhalt",6648
1248628,"Eckelsheim","55599","Rheinland-Pfalz",55599
1243988,"Eckenroth","55444","Rheinland-Pfalz",55444
1016515,"Eckental","90542","Bayern",90542
190839,"Eckernförde","24340","Schleswig-Holstein",24340
1070986,"Eckersdorf","95488","Bayern",95488
1245066,"Eckersweiler","55777","Rheinland-Pfalz",55777
1258887,"Eckfeld","54531","Rheinland-Pfalz",54531
448015,"Ecklak","25572","Schleswig-Holstein",25572
2393747,"Ecklingerode","37339","Thüringen",37339
2411290,"Eckstedt","99195","Thüringen",99195
938057,"Eddelak","25715","Schleswig-Holstein",25715
1028554,"Edelsfeld","92265","Bayern",92265
1182562,"Edemissen","31234","Niedersachsen",31234
1252494,"Edenkoben","67480","Rheinland-Pfalz",67480
962451,"Ederheim","86739","Bayern",86739
452204,"Edermünde","34295","Hessen",34295
2397424,"Edersleben","06528","Sachsen-Anhalt",6528
443585,"Edertal","34549","Hessen",34549
1252460,"Edesheim","67483","Rheinland-Pfalz",67483
1186750,"Edewecht","26188","Niedersachsen",26188
1259306,"Ediger-Eller","56814","Rheinland-Pfalz",56814
454170,"Edingen-Neckarhausen","68535","Baden-Württemberg",68535
2186917,"Edling","83533","Bayern",83533
2515189,"Effelder","37359","Thüringen",37359
1080511,"Effeltrich","91090","Bayern",91090
1130296,"Efringen-Kirchen","79588","Baden-Württemberg",79588
1357520,"Egeln","39435","Sachsen-Anhalt",39435
659744,"Egelsbach","63329","Hessen",63329
1174487,"Egenhausen","72227","Baden-Württemberg",72227
933502,"Egenhofen","82281","Bayern",82281
1231977,"Egesheim","78592","Baden-Württemberg",78592
309521,"Egestorf","21272","Niedersachsen",21272
958250,"Egg an der Günz","87743","Bayern",87743
1156129,"Eggebek","24852","Schleswig-Holstein",24852
957062,"Eggenfelden","84307","Bayern",84307
659822,"Eggenstein-Leopoldshafen","76344","Baden-Württemberg",76344
445500,"Eggenthal","87653","Bayern",87653
2013412,"Eggermühlen","49577","Niedersachsen",49577
1408061,"Eggesin","17367","Mecklenburg-Vorpommern",17367
1408061,"Eggesin","17375","Mecklenburg-Vorpommern",17375
2785285,"Eggingen","79805","Baden-Württemberg",79805
957069,"Egglham","84385","Bayern",84385
940903,"Egglkofen","84546","Bayern",84546
1080493,"Eggolsheim","91330","Bayern",91330
2186918,"Eggstätt","83125","Bayern",83125
939497,"Eggstedt","25721","Schleswig-Holstein",25721
958117,"Eging a.See","94535","Bayern",94535
936935,"Eglfing","82436","Bayern",82436
935126,"Egling","82544","Bayern",82544
933767,"Egling an der Paar","86492","Bayern",86492
1080516,"Egloffstein","91349","Bayern",91349
929823,"Egmating","85658","Bayern",85658
943550,"Egweil","85116","Bayern",85116
943678,"Ehekirchen","86676","Bayern",86676
445851,"Ehingen","86678","Bayern",86678
534400,"Ehingen","91725","Bayern",91725
962607,"Ehingen a.Ries","86741","Bayern",86741
2803461,"Ehingen (Donau)","89584","Baden-Württemberg",89584
1152672,"Ehlenz","54636","Rheinland-Pfalz",54636
444705,"Ehlscheid","56581","Rheinland-Pfalz",56581
553602,"Ehndorf","24647","Schleswig-Holstein",24647
722146,"Ehningen","71139","Baden-Württemberg",71139
540449,"Ehr","56357","Rheinland-Pfalz",56357
1330378,"Ehra-Lessien","38468","Niedersachsen",38468
454871,"Ehrenberg","36115","Hessen",36115
1273305,"Ehrenberg","98660","Thüringen",98660
1461198,"Ehrenburg","27248","Niedersachsen",27248
536588,"Ehrenfriedersdorf","09427","Sachsen",9427
1946220,"Ehrenkirchen","79238","Baden-Württemberg",79238
215976,"Ehringshausen","35630","Hessen",35630
1246583,"Ehweiler","66871","Rheinland-Pfalz",66871
163057,"Eibelstadt","97246","Bayern",97246
418995,"Eibenstock","08309","Sachsen",8309
1248405,"Eich","67575","Rheinland-Pfalz",67575
418888,"Eichelhardt","57612","Rheinland-Pfalz",57612
415717,"Eichen","57632","Rheinland-Pfalz",57632
933488,"Eichenau","82223","Bayern",82223
1060407,"Eichenbach","53533","Rheinland-Pfalz",53533
1273265,"Eichenberg","98553","Thüringen",98553
2748748,"Eichenberg","07768","Thüringen",7768
393541,"Eichenbühl","63928","Bayern",63928
393541,"Eichenbühl","74731","Bayern",74731
393541,"Eichenbühl","97896","Bayern",97896
959906,"Eichendorf","94428","Bayern",94428
454872,"Eichenzell","36124","Hessen",36124
443614,"Eichigt","08626","Sachsen",8626
943557,"Eichstätt","85072","Bayern",85072
1284757,"Eichstedt (Altmark)","39596","Sachsen-Anhalt",39596
2808127,"Eichstegen","88361","Baden-Württemberg",88361
70125,"Eichstetten","79356","Baden-Württemberg",79356
2396095,"Eichstruth","37318","Thüringen",37318
55773,"Eichwalde","15732","Brandenburg",15732
1808862,"Eickeloh","29693","Niedersachsen",29693
1797622,"Eicklingen","29358","Niedersachsen",29358
1236166,"Eigeltingen","78253","Baden-Württemberg",78253
445965,"Eilenburg","04838","Sachsen",4838
1113745,"Eilscheid","54649","Rheinland-Pfalz",54649
1286659,"Eilsleben","39365","Sachsen-Anhalt",39365
1168893,"Eime","31036","Niedersachsen",31036
1130291,"Eimeldingen","79591","Baden-Württemberg",79591
2014130,"Eimen","37632","Niedersachsen",37632
1460254,"Eimke","29578","Niedersachsen",29578
1245839,"Eimsheim","55278","Rheinland-Pfalz",55278
156752,"Einbeck","37574","Niedersachsen",37574
2778364,"Eineborn","07646","Thüringen",7646
1469264,"Einhaus","23911","Schleswig-Holstein",23911
537053,"Einhausen","64683","Hessen",64683
2828157,"Einhausen","98617","Thüringen",98617
543118,"Einig","56751","Rheinland-Pfalz",56751
1246680,"Einöllen","67753","Rheinland-Pfalz",67753
1254387,"Einselthum","67308","Rheinland-Pfalz",67308
2186919,"Eiselfing","83549","Bayern",83549
62370,"Eisenach","99817","Thüringen",99817
1163511,"Eisenach","54298","Rheinland-Pfalz",54298
319152,"Eisenbach","79871","Baden-Württemberg",79871
448305,"Eisenberg","87637","Bayern",87637
2778365,"Eisenberg","07607","Thüringen",7607
1254494,"Eisenberg (Pfalz)","67304","Rheinland-Pfalz",67304
548552,"Eisendorf","24589","Schleswig-Holstein",24589
182343,"Eisenheim","97247","Bayern",97247
1384824,"Eisenhüttenstadt","15890","Brandenburg",15890
1258866,"Eisenschmitt","54533","Rheinland-Pfalz",54533
1266455,"Eisfeld","98673","Thüringen",98673
539716,"Eisighofen","56370","Rheinland-Pfalz",56370
57786,"Eisingen","75239","Baden-Württemberg",75239
180683,"Eisingen","97249","Bayern",97249
2792100,"Eislingen/Fils","73054","Baden-Württemberg",73054
453831,"Eitelborn","56337","Rheinland-Pfalz",56337
943547,"Eitensheim","85117","Bayern",85117
454873,"Eiterfeld","36132","Hessen",36132
173114,"Eitorf","53783","Nordrhein-Westfalen",53783
934754,"Eitting","85462","Bayern",85462
372349,"Eixen","18334","Mecklenburg-Vorpommern",18334
1432666,"Elbe","38274","Niedersachsen",38274
421921,"Elben","57580","Rheinland-Pfalz",57580
1283582,"Elbe-Parey","39307","Sachsen-Anhalt",39307
1283582,"Elbe-Parey","39317","Sachsen-Anhalt",39317
534476,"Elbingen","56459","Rheinland-Pfalz",56459
1416146,"Elbingerode","37412","Niedersachsen",37412
324301,"Elbtal","65627","Hessen",65627
907240,"Elchesheim-Illingen","76477","Baden-Württemberg",76477
941078,"Elchingen","89081","Bayern",89081
941078,"Elchingen","89275","Bayern",89275
1244327,"Elchweiler","55765","Rheinland-Pfalz",55765
1451573,"Eldena","19294","Mecklenburg-Vorpommern",19294
1797684,"Eldingen","29351","Niedersachsen",29351
383589,"Elfershausen","97725","Bayern",97725
165448,"Elgersburg","98716","Thüringen",98716
1405509,"Elisabeth-Sophien-Koog","25845","Schleswig-Holstein",25845
421926,"Elkenroth","57578","Rheinland-Pfalz",57578
1177207,"Elleben","99334","Thüringen",99334
444397,"Ellefeld","08236","Sachsen",8236
915556,"Ellenberg","73488","Baden-Württemberg",73488
1244289,"Ellenberg","55765","Rheinland-Pfalz",55765
533579,"Ellenhausen","56242","Rheinland-Pfalz",56242
1259307,"Ellenz-Poltersdorf","56821","Rheinland-Pfalz",56821
442763,"Ellerau","25479","Schleswig-Holstein",25479
443703,"Ellerbek","25474","Schleswig-Holstein",25474
548553,"Ellerdorf","24589","Schleswig-Holstein",24589
443360,"Ellerhoop","25373","Schleswig-Holstein",25373
1241479,"Ellern (Hunsrück)","55497","Rheinland-Pfalz",55497
2410082,"Ellersleben","99628","Thüringen",99628
1249958,"Ellerstadt","67158","Rheinland-Pfalz",67158
445853,"Ellgau","86679","Bayern",86679
410474,"Ellhofen","74248","Baden-Württemberg",74248
1418483,"Ellhöft","25923","Schleswig-Holstein",25923
1015150,"Ellingen","91792","Bayern",91792
2247557,"Ellingshausen","98617","Thüringen",98617
1156154,"Ellingstedt","24870","Schleswig-Holstein",24870
2400373,"Ellrich","99755","Thüringen",99755
1085801,"Ellscheid","54552","Rheinland-Pfalz",54552
915558,"Ellwangen (Jagst)","73479","Baden-Württemberg",73479
1246407,"Ellweiler","55765","Rheinland-Pfalz",55765
964146,"Ellzee","89352","Bayern",89352
374140,"Elmenhorst","18510","Mecklenburg-Vorpommern",18510
453727,"Elmenhorst","23869","Schleswig-Holstein",23869
1467348,"Elmenhorst","21493","Schleswig-Holstein",21493
390655,"Elmenhorst/Lichtenhagen","18107","Mecklenburg-Vorpommern",18107
443302,"Elmshorn","25335","Schleswig-Holstein",25335
443302,"Elmshorn","25336","Schleswig-Holstein",25336
443302,"Elmshorn","25337","Schleswig-Holstein",25337
1249989,"Elmstein","67471","Rheinland-Pfalz",67471
417592,"Elpersbüttel","25704","Schleswig-Holstein",25704
168468,"Elsdorf","50189","Nordrhein-Westfalen",50189
1079017,"Elsdorf","27404","Niedersachsen",27404
556602,"Elsdorf-Westermühlen","24800","Schleswig-Holstein",24800
956666,"Elsendorf","84094","Bayern",84094
394529,"Elsenfeld","63820","Bayern",63820
532790,"Elsfleth","26931","Niedersachsen",26931
447315,"Elskop","25361","Schleswig-Holstein",25361
534445,"Elsnig","04880","Sachsen",4880
533248,"Elsoff (Westerwald)","56479","Rheinland-Pfalz",56479
2404585,"Elsteraue","06729","Sachsen-Anhalt",6729
446591,"Elsterberg","07985","Sachsen",7985
1309584,"Elsterheide","02979","Sachsen",2979
420241,"Elstertrebnitz","04523","Sachsen",4523
1303791,"Elsterwerda","04910","Brandenburg",4910
1307660,"Elstra","01920","Sachsen",1920
536630,"Elterlein","09481","Sachsen",9481
387775,"Eltmann","97483","Bayern",97483
408592,"Eltville am Rhein","65343","Hessen",65343
408592,"Eltville am Rhein","65344","Hessen",65344
408592,"Eltville am Rhein","65345","Hessen",65345
408592,"Eltville am Rhein","65346","Hessen",65346
408592,"Eltville am Rhein","65347","Hessen",65347
2075100,"Elxleben","99334","Thüringen",99334
2411240,"Elxleben","99189","Thüringen",99189
324304,"Elz","65604","Hessen",65604
1112863,"Elzach","79215","Baden-Württemberg",79215
1168912,"Elze","31008","Niedersachsen",31008
403740,"Elztal","74834","Baden-Württemberg",74834
1246624,"Elzweiler","66887","Rheinland-Pfalz",66887
1385857,"Embsen","21409","Niedersachsen",21409
548583,"Embühren","24819","Schleswig-Holstein",24819
62562,"Emden","26721","Niedersachsen",26721
62562,"Emden","26723","Niedersachsen",26723
62562,"Emden","26725","Niedersachsen",26725
2803463,"Emeringen","88499","Baden-Württemberg",88499
2803398,"Emerkingen","89607","Baden-Württemberg",89607
445151,"Emersacker","86494","Bayern",86494
548546,"Emkendorf","24802","Schleswig-Holstein",24802
2816612,"Emleben","99869","Thüringen",99869
1821148,"Emlichheim","49824","Niedersachsen",49824
1171887,"Emmelbaum","54673","Rheinland-Pfalz",54673
1420452,"Emmelsbüll-Horsbüll","25924","Schleswig-Holstein",25924
1182314,"Emmelshausen","56281","Rheinland-Pfalz",56281
1124268,"Emmendingen","79312","Baden-Württemberg",79312
1246441,"Emmendorf","29579","Niedersachsen",29579
167945,"Emmerich am Rhein","46446","Nordrhein-Westfalen",46446
929918,"Emmering","83550","Bayern",83550
933487,"Emmering","82275","Bayern",82275
1184315,"Emmerthal","31860","Niedersachsen",31860
942032,"Emmerting","84547","Bayern",84547
421952,"Emmerzhausen","57520","Rheinland-Pfalz",57520
1231982,"Emmingen-Liptingen","78576","Baden-Württemberg",78576
2900132,"Empfertshausen","36452","Thüringen",36452
935840,"Empfingen","72186","Baden-Württemberg",72186
1075656,"Emsbüren","48488","Niedersachsen",48488
155714,"Emsdetten","48282","Nordrhein-Westfalen",48282
357028,"Emskirchen","91448","Bayern",91448
1109687,"Emstek","49685","Niedersachsen",49685
1292743,"Emtinghausen","27321","Niedersachsen",27321
1070998,"Emtmannsberg","95517","Bayern",95517
1124262,"Endingen","79346","Baden-Württemberg",79346
540450,"Endlichhofen","56355","Rheinland-Pfalz",56355
2506805,"Endschütz","07570","Thüringen",7570
2012816,"Engden","48465","Niedersachsen",48465
447192,"Engelbrechtsche Wildnis","25348","Schleswig-Holstein",25348
941604,"Engelsberg","84549","Bayern",84549
57996,"Engelsbrand","75331","Baden-Württemberg",75331
444947,"Engelschoff","21710","Niedersachsen",21710
173854,"Engelskirchen","51766","Nordrhein-Westfalen",51766
1245799,"Engelstadt","55270","Rheinland-Pfalz",55270
966156,"Engelthal","91238","Bayern",91238
1104293,"Engen","78234","Baden-Württemberg",78234
147441,"Enger","32130","Nordrhein-Westfalen",32130
1416962,"Enge-Sande","25917","Schleswig-Holstein",25917
2773169,"Engstingen","72829","Baden-Württemberg",72829
2772632,"Eningen unter Achalm","72800","Baden-Württemberg",72800
1186706,"Enkenbach-Alsenborn","67677","Rheinland-Pfalz",67677
1261695,"Enkirch","56850","Rheinland-Pfalz",56850
1813352,"Ennepetal","58256","Nordrhein-Westfalen",58256
152288,"Ennigerloh","59320","Nordrhein-Westfalen",59320
1255938,"Ensch","54340","Rheinland-Pfalz",54340
1028544,"Ensdorf","92266","Bayern",92266
1184563,"Ensdorf/Saar","66806","Saarland",66806
153511,"Ense","59469","Nordrhein-Westfalen",59469
1248402,"Ensheim","55232","Rheinland-Pfalz",55232
535005,"Enspel","57647","Rheinland-Pfalz",57647
1152687,"Enzen","54646","Rheinland-Pfalz",54646
911671,"Enzklösterle","75337","Baden-Württemberg",75337
416356,"Epenwöhrden","25704","Schleswig-Holstein",25704
453368,"Epfenbach","74925","Baden-Württemberg",74925
943751,"Epfendorf","78736","Baden-Württemberg",78736
1187149,"Eppelborn","66571","Saarland",66571
454169,"Eppelheim","69214","Baden-Württemberg",69214
1248573,"Eppelsheim","55234","Rheinland-Pfalz",55234
448132,"Eppenberg","56759","Rheinland-Pfalz",56759
1251152,"Eppenbrunn","66957","Rheinland-Pfalz",66957
416476,"Eppendorf","09575","Sachsen",9575
537141,"Eppenrod","65558","Rheinland-Pfalz",65558
958972,"Eppenschlag","94536","Bayern",94536
452391,"Eppertshausen","64859","Hessen",64859
410520,"Eppingen","75031","Baden-Württemberg",75031
957745,"Eppishausen","87745","Bayern",87745
393359,"Eppstein","65817","Hessen",65817
451798,"Erbach","64711","Hessen",64711
1241477,"Erbach","55494","Rheinland-Pfalz",55494
2790226,"Erbach","89155","Baden-Württemberg",89155
975241,"Erbendorf","92681","Bayern",92681
2536307,"Erbenhausen","98634","Thüringen",98634
1248576,"Erbes-Büdesheim","55234","Rheinland-Pfalz",55234
1258361,"Erden","54492","Rheinland-Pfalz",54492
1246629,"Erdesbach","66887","Rheinland-Pfalz",66887
934743,"Erding","85435","Bayern",85435
405288,"Erdmannhausen","71729","Baden-Württemberg",71729
546905,"Erdweg","85253","Bayern",85253
944923,"Eresing","86922","Bayern",86922
944923,"Eresing","86926","Bayern",86926
944923,"Eresing","86941","Bayern",86941
1157804,"Erfde","24803","Schleswig-Holstein",24803
168482,"Erftstadt","50374","Nordrhein-Westfalen",50374
62745,"Erfurt","99084","Thüringen",99084
62745,"Erfurt","99085","Thüringen",99085
62745,"Erfurt","99086","Thüringen",99086
62745,"Erfurt","99087","Thüringen",99087
62745,"Erfurt","99089","Thüringen",99089
62745,"Erfurt","99090","Thüringen",99090
62745,"Erfurt","99091","Thüringen",99091
62745,"Erfurt","99092","Thüringen",99092
62745,"Erfurt","99094","Thüringen",99094
62745,"Erfurt","99095","Thüringen",99095
62745,"Erfurt","99096","Thüringen",99096
62745,"Erfurt","99097","Thüringen",99097
62745,"Erfurt","99098","Thüringen",99098
62745,"Erfurt","99099","Thüringen",99099
1251117,"Erfweiler","66996","Rheinland-Pfalz",66996
356765,"Ergersheim","91465","Bayern",91465
539709,"Ergeshausen","56368","Rheinland-Pfalz",56368
179445,"Ergolding","84030","Bayern",84030
179310,"Ergoldsbach","84061","Bayern",84061
941002,"Erharting","84513","Bayern",84513
957052,"Ering","94140","Bayern",94140
2783822,"Eriskirch","88097","Baden-Württemberg",88097
67333,"Erkelenz","41812","Nordrhein-Westfalen",41812
2795577,"Erkenbrechtsweiler","73268","Baden-Württemberg",73268
1432640,"Erkerode","38173","Niedersachsen",38173
968910,"Erkheim","87746","Bayern",87746
55780,"Erkner","15537","Brandenburg",15537
66535,"Erkrath","40699","Nordrhein-Westfalen",40699
181150,"Erlabrunn","97250","Bayern",97250
62403,"Erlangen","91052","Bayern",91052
62403,"Erlangen","91054","Bayern",91054
62403,"Erlangen","91056","Bayern",91056
62403,"Erlangen","91058","Bayern",91058
414697,"Erlau","09306","Sachsen",9306
942016,"Erlbach","84567","Bayern",84567
410472,"Erlenbach","74235","Baden-Württemberg",74235
394527,"Erlenbach a.Main","63906","Bayern",63906
1251122,"Erlenbach bei Dahn","76891","Rheinland-Pfalz",76891
1252351,"Erlenbach bei Kandel","76872","Rheinland-Pfalz",76872
335466,"Erlenbach b.Marktheidenfeld","97837","Bayern",97837
2801245,"Erlenmoos","88416","Baden-Württemberg",88416
535896,"Erlensee","63526","Hessen",63526
405784,"Erligheim","74391","Baden-Württemberg",74391
391188,"Ermershausen","96126","Bayern",96126
163246,"Erndtebrück","57339","Nordrhein-Westfalen",57339
380993,"Ernsgaden","85119","Bayern",85119
1259309,"Ernst","56814","Rheinland-Pfalz",56814
1163502,"Ernzen","54668","Rheinland-Pfalz",54668
2801246,"Erolzheim","88453","Baden-Württemberg",88453
172382,"Erpel","53579","Rheinland-Pfalz",53579
1249953,"Erpolzheim","67167","Rheinland-Pfalz",67167
418137,"Ersfeld","57635","Rheinland-Pfalz",57635
2802282,"Ertingen","88521","Baden-Württemberg",88521
153399,"Erwitte","59597","Nordrhein-Westfalen",59597
1286668,"Erxleben","39343","Sachsen-Anhalt",39343
1253793,"Erzenhausen","67685","Rheinland-Pfalz",67685
452420,"Erzhausen","64390","Hessen",64390
1076003,"Esch","54585","Rheinland-Pfalz",54585
1259142,"Esch","54518","Rheinland-Pfalz",54518
915431,"Eschach","73569","Baden-Württemberg",73569
395438,"Eschau","63863","Bayern",63863
540451,"Eschbach","56357","Rheinland-Pfalz",56357
1252727,"Eschbach","76831","Rheinland-Pfalz",76831
1959405,"Eschbach","79427","Baden-Württemberg",79427
423062,"Eschborn","65760","Hessen",65760
943749,"Eschbronn","78664","Baden-Württemberg",78664
2014145,"Esche","49828","Niedersachsen",49828
158443,"Escheburg","21039","Schleswig-Holstein",21039
3411187,"Eschede","29348","Niedersachsen",29348
3411187,"Eschede","29359","Niedersachsen",29359
3411187,"Eschede","29361","Niedersachsen",29361
453377,"Eschelbronn","74927","Baden-Württemberg",74927
2792614,"Eschenbach","73037","Baden-Württemberg",73037
2792614,"Eschenbach","73107","Baden-Württemberg",73107
1059435,"Eschenbach i.d.OPf.","92676","Bayern",92676
2818332,"Eschenbergen","99869","Thüringen",99869
215965,"Eschenburg","35713","Hessen",35713
939358,"Eschenlohe","82438","Bayern",82438
1184657,"Eschershausen","37632","Niedersachsen",37632
1113728,"Eschfeld","54619","Rheinland-Pfalz",54619
959883,"Eschlkam","93458","Bayern",93458
549419,"Eschwege","37269","Hessen",37269
157995,"Eschweiler","52249","Nordrhein-Westfalen",52249
2012454,"Esens","26427","Niedersachsen",26427
1145092,"Esgrus","24402","Schleswig-Holstein",24402
1059453,"Eslarn","92693","Bayern",92693
157419,"Eslohe","59889","Nordrhein-Westfalen",59889
145253,"Espelkamp","32339","Nordrhein-Westfalen",32339
531464,"Espenau","34314","Hessen",34314
2179160,"Eßbach","07924","Thüringen",7924
1808863,"Essel","29690","Niedersachsen",29690
337248,"Esselbach","97839","Bayern",97839
1248589,"Esselborn","55234","Rheinland-Pfalz",55234
62713,"Essen","45127","Nordrhein-Westfalen",45127
62713,"Essen","45128","Nordrhein-Westfalen",45128
62713,"Essen","45130","Nordrhein-Westfalen",45130
62713,"Essen","45131","Nordrhein-Westfalen",45131
62713,"Essen","45133","Nordrhein-Westfalen",45133
62713,"Essen","45134","Nordrhein-Westfalen",45134
62713,"Essen","45136","Nordrhein-Westfalen",45136
62713,"Essen","45138","Nordrhein-Westfalen",45138
62713,"Essen","45139","Nordrhein-Westfalen",45139
62713,"Essen","45141","Nordrhein-Westfalen",45141
62713,"Essen","45143","Nordrhein-Westfalen",45143
62713,"Essen","45144","Nordrhein-Westfalen",45144
62713,"Essen","45145","Nordrhein-Westfalen",45145
62713,"Essen","45147","Nordrhein-Westfalen",45147
62713,"Essen","45149","Nordrhein-Westfalen",45149
62713,"Essen","45219","Nordrhein-Westfalen",45219
62713,"Essen","45239","Nordrhein-Westfalen",45239
62713,"Essen","45257","Nordrhein-Westfalen",45257
62713,"Essen","45259","Nordrhein-Westfalen",45259
62713,"Essen","45276","Nordrhein-Westfalen",45276
62713,"Essen","45277","Nordrhein-Westfalen",45277
62713,"Essen","45279","Nordrhein-Westfalen",45279
62713,"Essen","45289","Nordrhein-Westfalen",45289
62713,"Essen","45307","Nordrhein-Westfalen",45307
62713,"Essen","45309","Nordrhein-Westfalen",45309
62713,"Essen","45326","Nordrhein-Westfalen",45326
62713,"Essen","45327","Nordrhein-Westfalen",45327
62713,"Essen","45329","Nordrhein-Westfalen",45329
62713,"Essen","45355","Nordrhein-Westfalen",45355
62713,"Essen","45356","Nordrhein-Westfalen",45356
62713,"Essen","45357","Nordrhein-Westfalen",45357
62713,"Essen","45359","Nordrhein-Westfalen",45359
179470,"Essenbach","84051","Bayern",84051
1245314,"Essenheim","55270","Rheinland-Pfalz",55270
1101377,"Essen (Oldenburg)","49632","Niedersachsen",49632
956662,"Essing","93343","Bayern",93343
1252804,"Essingen","76879","Rheinland-Pfalz",76879
2792055,"Essingen","73457","Baden-Württemberg",73457
2792055,"Essingen","73563","Baden-Württemberg",73563
2792055,"Essingen","73566","Baden-Württemberg",73566
2410083,"Eßleben-Teutleben","99628","Thüringen",99628
1152710,"Eßlingen","54636","Rheinland-Pfalz",54636
2792882,"Esslingen am Neckar","73728","Baden-Württemberg",73728
2792882,"Esslingen am Neckar","73730","Baden-Württemberg",73730
2792882,"Esslingen am Neckar","73732","Baden-Württemberg",73732
2792882,"Esslingen am Neckar","73733","Baden-Württemberg",73733
2792882,"Esslingen am Neckar","73734","Baden-Württemberg",73734
1246682,"Eßweiler","67754","Rheinland-Pfalz",67754
182348,"Estenfeld","97230","Bayern",97230
2007738,"Esterwegen","26897","Niedersachsen",26897
1249991,"Esthal","67466","Rheinland-Pfalz",67466
1249991,"Esthal","67468","Rheinland-Pfalz",67468
1249991,"Esthal","67472","Rheinland-Pfalz",67472
445789,"Estorf","21727","Niedersachsen",21727
1183261,"Estorf","31629","Niedersachsen",31629
1258429,"Etgert","54424","Rheinland-Pfalz",54424
1246580,"Etschberg","66871","Rheinland-Pfalz",66871
939317,"Ettal","82488","Bayern",82488
1140553,"Etteldorf","54655","Rheinland-Pfalz",54655
2894244,"Ettenhausen a.d. Suhl","99819","Thüringen",99819
453009,"Ettenheim","77955","Baden-Württemberg",77955
1015147,"Ettenstatt","91796","Bayern",91796
2856992,"Ettersburg","99439","Thüringen",99439
534477,"Ettinghausen","56244","Rheinland-Pfalz",56244
659839,"Ettlingen","76275","Baden-Württemberg",76275
548040,"Ettringen","56729","Rheinland-Pfalz",56729
958166,"Ettringen","86833","Bayern",86833
420581,"Etzbach","57539","Rheinland-Pfalz",57539
2400563,"Etzelsrode","99735","Thüringen",99735
1028560,"Etzelwang","92268","Bayern",92268
1059452,"Etzenricht","92694","Bayern",92694
2388429,"Etzleben","06577","Thüringen",6577
318736,"Euerbach","97502","Bayern",97502
383697,"Euerdorf","97717","Bayern",97717
415007,"Eulenberg","57632","Rheinland-Pfalz",57632
1253795,"Eulenbis","67685","Rheinland-Pfalz",67685
1259828,"Eulgem","56761","Rheinland-Pfalz",56761
395727,"Eurasburg","86495","Bayern",86495
935157,"Eurasburg","82547","Bayern",82547
1113760,"Euscheid","54597","Rheinland-Pfalz",54597
1403657,"Euskirchen","53879","Nordrhein-Westfalen",53879
1403657,"Euskirchen","53881","Nordrhein-Westfalen",53881
336477,"Eußenheim","97776","Bayern",97776
1252776,"Eußerthal","76857","Rheinland-Pfalz",76857
382408,"Eutin","23701","Schleswig-Holstein",23701
935841,"Eutingen im Gäu","72184","Baden-Württemberg",72184
2012364,"Eversmeer","26556","Niedersachsen",26556
152294,"Everswinkel","48351","Nordrhein-Westfalen",48351
1432635,"Evessen","38173","Niedersachsen",38173
533580,"Ewighausen","56244","Rheinland-Pfalz",56244
142695,"Extertal","32699","Nordrhein-Westfalen",32699
1621066,"Eydelstedt","49406","Niedersachsen",49406
310316,"Eyendorf","21376","Niedersachsen",21376
2014297,"Eystrup","27324","Niedersachsen",27324
535718,"Fachbach","56133","Rheinland-Pfalz",56133
1157534,"Fahrdorf","24857","Schleswig-Holstein",24857
181765,"Fahren","24253","Schleswig-Holstein",24253
403739,"Fahrenbach","74864","Baden-Württemberg",74864
422844,"Fahrenkrug","23795","Schleswig-Holstein",23795
1410899,"Fahrenwalde","17309","Mecklenburg-Vorpommern",17309
30014,"Fahrenzhausen","85777","Bayern",85777
1259313,"Faid","56814","Rheinland-Pfalz",56814
957045,"Falkenberg","84326","Bayern",84326
968894,"Falkenberg","95685","Bayern",95685
1332949,"Falkenberg","16259","Brandenburg",16259
1303469,"Falkenberg/Elster","04895","Brandenburg",4895
959638,"Falkenfels","94350","Bayern",94350
1332950,"Falkenhagen (Mark)","15306","Brandenburg",15306
1251557,"Falkensee","14612","Brandenburg",14612
961329,"Falkenstein","93167","Bayern",93167
1254709,"Falkenstein","67808","Rheinland-Pfalz",67808
64313,"Falkenstein/Harz","06333","Sachsen-Anhalt",6333
64313,"Falkenstein/Harz","06463","Sachsen-Anhalt",6463
64313,"Falkenstein/Harz","06543","Sachsen-Anhalt",6543
444321,"Falkenstein/Vogtl.","08223","Sachsen",8223
444321,"Falkenstein/Vogtl.","08239","Sachsen",8239
2820964,"Fambach","98597","Thüringen",98597
939345,"Farchant","82490","Bayern",82490
176741,"Fargau-Pratjau","24256","Schleswig-Holstein",24256
2406525,"Farnstädt","06279","Sachsen-Anhalt",6279
1256955,"Farschweiler","54317","Rheinland-Pfalz",54317
1079016,"Farven","27446","Niedersachsen",27446
1797919,"Faßberg","29328","Niedersachsen",29328
394513,"Faulbach","97906","Bayern",97906
1427272,"Faulenrost","17139","Mecklenburg-Vorpommern",17139
952359,"Fedderingen","25779","Schleswig-Holstein",25779
451704,"Fehl-Ritzhausen","56472","Rheinland-Pfalz",56472
382448,"Fehmarn","23769","Schleswig-Holstein",23769
1302389,"Fehrbellin","16818","Brandenburg",16818
1302389,"Fehrbellin","16833","Brandenburg",16833
1302389,"Fehrbellin","16845","Brandenburg",16845
942115,"Feichten an der Alz","84550","Bayern",84550
1244037,"Feilbingert","67824","Rheinland-Pfalz",67824
1021692,"Feilitzsch","95183","Bayern",95183
1152683,"Feilsdorf","54636","Rheinland-Pfalz",54636
932437,"Feldafing","82340","Bayern",82340
418335,"Feldatal","36325","Hessen",36325
317609,"Feldberg","79868","Baden-Württemberg",79868
1419920,"Feldberger Seenlandschaft","17258","Mecklenburg-Vorpommern",17258
548501,"Felde","24242","Schleswig-Holstein",24242
532396,"Feldhorst","23858","Schleswig-Holstein",23858
959643,"Feldkirchen","94351","Bayern",94351
2168242,"Feldkirchen","85622","Bayern",85622
2186920,"Feldkirchen-Westerham","83620","Bayern",83620
1322602,"Felixsee","03130","Brandenburg",3130
1255915,"Fell","54341","Rheinland-Pfalz",54341
401692,"Fellbach","70734","Baden-Württemberg",70734
401692,"Fellbach","70736","Baden-Württemberg",70736
349936,"Fellen","97778","Bayern",97778
958631,"Fellheim","87748","Bayern",87748
548489,"Felm","24161","Schleswig-Holstein",24161
548489,"Felm","24214","Schleswig-Holstein",24214
548489,"Felm","24244","Schleswig-Holstein",24244
452193,"Felsberg","34587","Hessen",34587
421920,"Fensdorf","57580","Rheinland-Pfalz",57580
962182,"Fensterbach","92269","Bayern",92269
1410797,"Ferdinandshof","17379","Mecklenburg-Vorpommern",17379
2393748,"Ferna","37339","Thüringen",37339
418621,"Fernwald","35463","Hessen",35463
1163512,"Ferschweiler","54668","Rheinland-Pfalz",54668
64626,"Feucht","90537","Bayern",90537
534090,"Feuchtwangen","91555","Bayern",91555
1108076,"Feuerscheid","54597","Rheinland-Pfalz",54597
1075990,"Feusdorf","54584","Rheinland-Pfalz",54584
1071014,"Fichtelberg","95686","Bayern",95686
390787,"Fichtenau","74579","Baden-Württemberg",74579
391364,"Fichtenberg","74427","Baden-Württemberg",74427
1332897,"Fichtenhöhe","15306","Brandenburg",15306
1303813,"Fichtwald","04936","Brandenburg",4936
176737,"Fiefbergen","24217","Schleswig-Holstein",24217
418138,"Fiersbach","57635","Rheinland-Pfalz",57635
2796535,"Filderstadt","70794","Baden-Württemberg",70794
2796535,"Filderstadt","71111","Baden-Württemberg",71111
536241,"Filsen","56341","Rheinland-Pfalz",56341
1187427,"Filsum","26849","Niedersachsen",26849
1269809,"Filz","56766","Rheinland-Pfalz",56766
1424148,"Fincken","17209","Mecklenburg-Vorpommern",17209
1253879,"Finkenbach-Gersweiler","67822","Rheinland-Pfalz",67822
2020633,"Finkenthal","17179","Mecklenburg-Vorpommern",17179
2402383,"Finne","06647","Sachsen-Anhalt",6647
2402403,"Finneland","06647","Sachsen-Anhalt",6647
163177,"Finnentrop","57413","Nordrhein-Westfalen",57413
933966,"Finning","86923","Bayern",86923
957089,"Finningen","89435","Bayern",89435
934744,"Finsing","85464","Bayern",85464
1322947,"Finsterwalde","03238","Brandenburg",3238
357073,"Fintel","27389","Niedersachsen",27389
2012929,"Firrel","26835","Niedersachsen",26835
1256028,"Fisch","54439","Rheinland-Pfalz",54439
968903,"Fischach","86850","Bayern",86850
1245111,"Fischbach","55743","Rheinland-Pfalz",55743
1248683,"Fischbach","67693","Rheinland-Pfalz",67693
935958,"Fischbachau","83730","Bayern",83730
1251116,"Fischbach bei Dahn","66996","Rheinland-Pfalz",66996
1171871,"Fischbach-Oberraden","54675","Rheinland-Pfalz",54675
452421,"Fischbachtal","64405","Hessen",64405
957925,"Fischen im Allgäu","87538","Bayern",87538
453019,"Fischerbach","77716","Baden-Württemberg",77716
1130302,"Fischingen","79592","Baden-Württemberg",79592
450219,"Fitzbek","25579","Schleswig-Holstein",25579
1475323,"Fitzen","21514","Schleswig-Holstein",21514
534271,"Flachslanden","91604","Bayern",91604
538922,"Flacht","65558","Rheinland-Pfalz",65558
386919,"Fladungen","97650","Bayern",97650
415721,"Flammersfeld","57632","Rheinland-Pfalz",57632
2900110,"Flarchheim","99986","Thüringen",99986
1286647,"Flechtingen","39345","Sachsen-Anhalt",39345
1286647,"Flechtingen","39356","Sachsen-Anhalt",39356
1286647,"Flechtingen","39359","Sachsen-Anhalt",39359
557144,"Fleckeby","24357","Schleswig-Holstein",24357
410495,"Flein","74223","Baden-Württemberg",74223
2808128,"Fleischwangen","88373","Baden-Württemberg",88373
1252491,"Flemlingen","76835","Rheinland-Pfalz",76835
27020,"Flensburg","24937","Schleswig-Holstein",24937
27020,"Flensburg","24939","Schleswig-Holstein",24939
27020,"Flensburg","24941","Schleswig-Holstein",24941
27020,"Flensburg","24943","Schleswig-Holstein",24943
27020,"Flensburg","24944","Schleswig-Holstein",24944
1108044,"Fleringen","54597","Rheinland-Pfalz",54597
454874,"Flieden","36103","Hessen",36103
1152701,"Fließem","54636","Rheinland-Pfalz",54636
1334103,"Flieth-Stegelitz","17268","Brandenburg",17268
553468,"Flintbek","24220","Schleswig-Holstein",24220
2186921,"Flintsbach am Inn","83126","Bayern",83126
162283,"Flöha","09557","Sachsen",9557
1138608,"Floh-Seligenthal","98593","Thüringen",98593
1248577,"Flomborn","55234","Rheinland-Pfalz",55234
1248586,"Flonheim","55237","Rheinland-Pfalz",55237
535931,"Flörsbachtal","63639","Hessen",63639
414751,"Flörsheim","65439","Hessen",65439
1248703,"Flörsheim-Dalsheim","67592","Rheinland-Pfalz",67592
450115,"Florstadt","61197","Hessen",61197
1059461,"Floß","92685","Bayern",92685
1059451,"Flossenbürg","92696","Bayern",92696
1432665,"Flöthe","38312","Niedersachsen",38312
943737,"Fluorn-Winzeln","78737","Baden-Württemberg",78737
1258640,"Flußbach","54516","Rheinland-Pfalz",54516
418867,"Fluterschen","57614","Rheinland-Pfalz",57614
548574,"Fockbek","24787","Schleswig-Holstein",24787
1246621,"Föckelberg","66887","Rheinland-Pfalz",66887
2714341,"Fockendorf","04617","Thüringen",4617
423186,"Föhrden-Barl","25563","Schleswig-Holstein",25563
1255882,"Föhren","54343","Rheinland-Pfalz",54343
1245054,"Fohren-Linden","55777","Rheinland-Pfalz",55777
907194,"Forbach","76596","Baden-Württemberg",76596
1080467,"Forchheim","91301","Bayern",91301
1124264,"Forchheim","79362","Baden-Württemberg",79362
376921,"Forchtenberg","74670","Baden-Württemberg",74670
962452,"Forheim","86735","Bayern",86735
1273175,"Föritz","96524","Thüringen",96524
420583,"Forst","57537","Rheinland-Pfalz",57537
659811,"Forst","76694","Baden-Württemberg",76694
1249972,"Forst an der Weinstraße","67147","Rheinland-Pfalz",67147
1266507,"Forst (Eifel)","56754","Rheinland-Pfalz",56754
934759,"Forstern","85659","Bayern",85659
1269738,"Forst (Hunsrück)","56858","Rheinland-Pfalz",56858
929820,"Forstinning","85661","Bayern",85661
1322605,"Forst (Lausitz) - Baršć","03149","Brandenburg",3149
418141,"Forstmehren","57635","Rheinland-Pfalz",57635
1248579,"Framersheim","55234","Rheinland-Pfalz",55234
349418,"Frammersbach","97833","Bayern",97833
1253781,"Frankelbach","67737","Rheinland-Pfalz",67737
443586,"Frankenau","35110","Hessen",35110
411424,"Frankenberg","09669","Sachsen",9669
443587,"Frankenberg","35066","Hessen",35066
1946809,"Frankenblick","96528","Thüringen",96528
2856993,"Frankendorf","99441","Thüringen",99441
1249988,"Frankeneck","67468","Rheinland-Pfalz",67468
1799472,"Frankenfeld","27336","Niedersachsen",27336
398028,"Frankenhain","99330","Thüringen",99330
390791,"Frankenhardt","74586","Baden-Württemberg",74586
2536214,"Frankenheim/Rhön","98634","Thüringen",98634
2900653,"Frankenroda","99826","Thüringen",99826
1186702,"Frankenstein","67468","Rheinland-Pfalz",67468
1307627,"Frankenthal","01909","Sachsen",1909
62573,"Frankenthal (Pfalz)","67227","Rheinland-Pfalz",67227
318229,"Frankenwinheim","97447","Bayern",97447
62400,"Frankfurt am Main","60306","Hessen",60306
62400,"Frankfurt am Main","60308","Hessen",60308
62400,"Frankfurt am Main","60310","Hessen",60310
62400,"Frankfurt am Main","60311","Hessen",60311
62400,"Frankfurt am Main","60313","Hessen",60313
62400,"Frankfurt am Main","60314","Hessen",60314
62400,"Frankfurt am Main","60316","Hessen",60316
62400,"Frankfurt am Main","60318","Hessen",60318
62400,"Frankfurt am Main","60320","Hessen",60320
62400,"Frankfurt am Main","60322","Hessen",60322
62400,"Frankfurt am Main","60323","Hessen",60323
62400,"Frankfurt am Main","60325","Hessen",60325
62400,"Frankfurt am Main","60326","Hessen",60326
62400,"Frankfurt am Main","60327","Hessen",60327
62400,"Frankfurt am Main","60329","Hessen",60329
62400,"Frankfurt am Main","60385","Hessen",60385
62400,"Frankfurt am Main","60386","Hessen",60386
62400,"Frankfurt am Main","60388","Hessen",60388
62400,"Frankfurt am Main","60389","Hessen",60389
62400,"Frankfurt am Main","60431","Hessen",60431
62400,"Frankfurt am Main","60433","Hessen",60433
62400,"Frankfurt am Main","60435","Hessen",60435
62400,"Frankfurt am Main","60437","Hessen",60437
62400,"Frankfurt am Main","60438","Hessen",60438
62400,"Frankfurt am Main","60439","Hessen",60439
62400,"Frankfurt am Main","60486","Hessen",60486
62400,"Frankfurt am Main","60487","Hessen",60487
62400,"Frankfurt am Main","60488","Hessen",60488
62400,"Frankfurt am Main","60489","Hessen",60489
62400,"Frankfurt am Main","60528","Hessen",60528
62400,"Frankfurt am Main","60529","Hessen",60529
62400,"Frankfurt am Main","60549","Hessen",60549
62400,"Frankfurt am Main","60594","Hessen",60594
62400,"Frankfurt am Main","60596","Hessen",60596
62400,"Frankfurt am Main","60598","Hessen",60598
62400,"Frankfurt am Main","60599","Hessen",60599
62400,"Frankfurt am Main","65929","Hessen",65929
62400,"Frankfurt am Main","65931","Hessen",65931
62400,"Frankfurt am Main","65933","Hessen",65933
62400,"Frankfurt am Main","65934","Hessen",65934
62400,"Frankfurt am Main","65936","Hessen",65936
62523,"Frankfurt (Oder)","15230","Brandenburg",15230
62523,"Frankfurt (Oder)","15232","Brandenburg",15232
62523,"Frankfurt (Oder)","15234","Brandenburg",15234
62523,"Frankfurt (Oder)","15236","Brandenburg",15236
451780,"Fränkisch-Crumbach","64407","Hessen",64407
1252556,"Frankweiler","76833","Rheinland-Pfalz",76833
374149,"Franzburg","18461","Mecklenburg-Vorpommern",18461
1256089,"Franzenheim","54316","Rheinland-Pfalz",54316
2186922,"Frasdorf","83112","Bayern",83112
959171,"Frauenau","94258","Bayern",94258
1246408,"Frauenberg","55776","Rheinland-Pfalz",55776
1314279,"Frauendorf","01945","Brandenburg",1945
929916,"Frauenneuharting","83553","Bayern",83553
929916,"Frauenneuharting","83565","Bayern",83565
2778366,"Frauenprießnitz","07774","Thüringen",7774
2898245,"Frauensee","36460","Thüringen",36460
416543,"Frauenstein","09623","Sachsen",9623
331385,"Frauenwald","98711","Thüringen",98711
934761,"Fraunberg","85447","Bayern",85447
417077,"Fraureuth","08427","Sachsen",8427
168477,"Frechen","50226","Nordrhein-Westfalen",50226
1250500,"Freckenfeld","76872","Rheinland-Pfalz",76872
1471099,"Fredeburg","23909","Schleswig-Holstein",23909
445844,"Fredenbeck","21717","Niedersachsen",21717
6680431,"Freden (Leine)","31084","Niedersachsen",31084
1332959,"Fredersdorf-Vogelsdorf","15370","Brandenburg",15370
422731,"Fredesdorf","23826","Schleswig-Holstein",23826
1124270,"Freiamt","79348","Baden-Württemberg",79348
416561,"Freiberg","09599","Sachsen",9599
405309,"Freiberg am Neckar","71691","Baden-Württemberg",71691
446465,"Freiburg (Elbe)","21729","Niedersachsen",21729
62768,"Freiburg im Breisgau","79098","Baden-Württemberg",79098
62768,"Freiburg im Breisgau","79100","Baden-Württemberg",79100
62768,"Freiburg im Breisgau","79102","Baden-Württemberg",79102
62768,"Freiburg im Breisgau","79104","Baden-Württemberg",79104
62768,"Freiburg im Breisgau","79106","Baden-Württemberg",79106
62768,"Freiburg im Breisgau","79108","Baden-Württemberg",79108
62768,"Freiburg im Breisgau","79110","Baden-Württemberg",79110
62768,"Freiburg im Breisgau","79111","Baden-Württemberg",79111
62768,"Freiburg im Breisgau","79112","Baden-Württemberg",79112
62768,"Freiburg im Breisgau","79114","Baden-Württemberg",79114
62768,"Freiburg im Breisgau","79115","Baden-Württemberg",79115
62768,"Freiburg im Breisgau","79117","Baden-Württemberg",79117
2389087,"Freienbessingen","99713","Thüringen",99713
2395882,"Freienhagen","37318","Thüringen",37318
2456189,"Freienorla","07768","Thüringen",7768
418342,"Freiensteinau","36399","Hessen",36399
1149279,"Freienwill","24991","Schleswig-Holstein",24991
535900,"Freigericht","63579","Hessen",63579
1028559,"Freihung","92271","Bayern",92271
941757,"Freilassing","83395","Bayern",83395
1244012,"Frei-Laubersheim","55546","Rheinland-Pfalz",55546
533581,"Freilingen","56244","Rheinland-Pfalz",56244
1248570,"Freimersheim","55234","Rheinland-Pfalz",55234
1252445,"Freimersheim (Pfalz)","67482","Rheinland-Pfalz",67482
1249951,"Freinsheim","67098","Rheinland-Pfalz",67098
1249951,"Freinsheim","67251","Rheinland-Pfalz",67251
533582,"Freirachdorf","56244","Rheinland-Pfalz",56244
1250344,"Freisbach","67361","Rheinland-Pfalz",67361
1184605,"Freisen","66629","Saarland",66629
30005,"Freising","85354","Bayern",85354
30005,"Freising","85356","Bayern",85356
1675312,"Freistatt","27259","Niedersachsen",27259
455475,"Freital","01705","Sachsen",1705
1446659,"Frellstedt","38373","Niedersachsen",38373
962608,"Fremdingen","86742","Bayern",86742
1077545,"Frensdorf","96158","Bayern",96158
2006789,"Freren","49832","Niedersachsen",49832
2010625,"Fresenburg","49762","Niedersachsen",49762
1403983,"Fresendelf","25876","Schleswig-Holstein",25876
939487,"Frestedt","25727","Schleswig-Holstein",25727
1248789,"Frettenheim","67596","Rheinland-Pfalz",67596
2813425,"Fretterode","37318","Thüringen",37318
163255,"Freudenberg","57258","Nordrhein-Westfalen",57258
401777,"Freudenberg","97896","Baden-Württemberg",97896
1028556,"Freudenberg","92272","Bayern",92272
1256032,"Freudenburg","54450","Rheinland-Pfalz",54450
935838,"Freudenstadt","72250","Baden-Württemberg",72250
405783,"Freudental","74392","Baden-Württemberg",74392
2403718,"Freyburg (Unstrut)","06632","Sachsen-Anhalt",6632
1028819,"Freystadt","92342","Bayern",92342
958977,"Freyung","94078","Bayern",94078
2795772,"Frickenhausen","72636","Baden-Württemberg",72636
163053,"Frickenhausen a.Main","97252","Bayern",97252
2806598,"Frickingen","88699","Baden-Württemberg",88699
1231980,"Fridingen an der Donau","78567","Baden-Württemberg",78567
941659,"Fridolfing","83413","Bayern",83413
393689,"Friedberg","61169","Hessen",61169
395731,"Friedberg (Bayern)","86316","Bayern",86316
1187676,"Friedeburg","26446","Niedersachsen",26446
2831119,"Friedelshausen","98634","Thüringen",98634
1249961,"Friedelsheim","67159","Rheinland-Pfalz",67159
975240,"Friedenfels","95688","Bayern",95688
319270,"Friedenweiler","79877","Baden-Württemberg",79877
1263904,"Friedersdorf","98701","Thüringen",98701
275074,"Friedewald","36289","Hessen",36289
421956,"Friedewald","57520","Rheinland-Pfalz",57520
1384839,"Friedland","15848","Brandenburg",15848
1399098,"Friedland","37133","Niedersachsen",37133
1419709,"Friedland","17098","Mecklenburg-Vorpommern",17098
2800107,"Friedrichroda","99894","Thüringen",99894
417339,"Friedrichsdorf","61273","Hessen",61273
417339,"Friedrichsdorf","61381","Hessen",61381
447161,"Friedrichsgabekoog","25764","Schleswig-Holstein",25764
556604,"Friedrichsgraben","24799","Schleswig-Holstein",24799
2783849,"Friedrichshafen","88045","Baden-Württemberg",88045
2783849,"Friedrichshafen","88046","Baden-Württemberg",88046
2783849,"Friedrichshafen","88048","Baden-Württemberg",88048
556628,"Friedrichsholm","24799","Schleswig-Holstein",24799
935243,"Friedrichskoog","25718","Schleswig-Holstein",25718
449902,"Friedrichsruhe","19089","Mecklenburg-Vorpommern",19089
1402987,"Friedrichstadt","25840","Schleswig-Holstein",25840
419191,"Friedrichsthal","66299","Saarland",66299
2400564,"Friedrichsthal","99735","Thüringen",99735
1318340,"Friedrichswalde","16247","Brandenburg",16247
2818243,"Friedrichswerth","99869","Thüringen",99869
1418657,"Friedrich-Wilhelm-Lübke-Koog","25924","Schleswig-Holstein",25924
452205,"Frielendorf","34621","Hessen",34621
2818333,"Friemar","99869","Thüringen",99869
1342247,"Friesack","14662","Brandenburg",14662
422324,"Friesenhagen","51598","Rheinland-Pfalz",51598
452996,"Friesenheim","77948","Baden-Württemberg",77948
1245826,"Friesenheim","55278","Rheinland-Pfalz",55278
445499,"Friesenried","87654","Bayern",87654
1109689,"Friesoythe","26169","Niedersachsen",26169
908346,"Friolzheim","71292","Baden-Württemberg",71292
1231979,"Frittlingen","78665","Baden-Württemberg",78665
452194,"Fritzlar","34560","Hessen",34560
422238,"Frohburg","04654","Sachsen",4654
1244184,"Fröhnd","79677","Baden-Württemberg",79677
1246452,"Frohnhofen","66903","Rheinland-Pfalz",66903
2778471,"Frohnsdorf","04618","Thüringen",4618
2410084,"Frömmstedt","99638","Thüringen",99638
158444,"Fröndenberg/Ruhr","58730","Nordrhein-Westfalen",58730
225499,"Fronhausen","35112","Hessen",35112
1241638,"Fronhofen","55471","Rheinland-Pfalz",55471
2808129,"Fronreute","88273","Baden-Württemberg",88273
959897,"Frontenhausen","84160","Bayern",84160
535691,"Frücht","56132","Rheinland-Pfalz",56132
1060422,"Fuchshofen","53533","Rheinland-Pfalz",53533
975235,"Fuchsmühl","95689","Bayern",95689
383588,"Fuchsstadt","97727","Bayern",97727
936650,"Fuchstal","86925","Bayern",86925
374321,"Fuhlendorf","18356","Mecklenburg-Vorpommern",18356
423188,"Fuhlendorf","24649","Schleswig-Holstein",24649
1466110,"Fuhlenhagen","21493","Schleswig-Holstein",21493
454863,"Fulda","36037","Hessen",36037
454863,"Fulda","36039","Hessen",36039
454863,"Fulda","36041","Hessen",36041
454863,"Fulda","36043","Hessen",36043
533664,"Fuldabrück","34277","Hessen",34277
532037,"Fuldatal","34127","Hessen",34127
532037,"Fuldatal","34233","Hessen",34233
1424394,"Fünfseen","17213","Mecklenburg-Vorpommern",17213
962646,"Fünfstetten","86681","Bayern",86681
1244013,"Fürfeld","55546","Rheinland-Pfalz",55546
1817121,"Fürstenau","49584","Niedersachsen",49584
1184656,"Fürstenberg","37699","Niedersachsen",37699
1310085,"Fürstenberg/Havel","16798","Brandenburg",16798
958975,"Fürsteneck","94142","Bayern",94142
933490,"Fürstenfeldbruck","82256","Bayern",82256
958121,"Fürstenstein","94538","Bayern",94538
1384842,"Fürstenwalde/Spree","15517","Brandenburg",15517
958115,"Fürstenzell","94081","Bayern",94081
190859,"Furth","84095","Bayern",84095
62374,"Fürth","90762","Bayern",90762
62374,"Fürth","90763","Bayern",90763
62374,"Fürth","90765","Bayern",90765
62374,"Fürth","90766","Bayern",90766
62374,"Fürth","90768","Bayern",90768
197615,"Fürth","64658","Hessen",64658
420584,"Fürthen","57539","Rheinland-Pfalz",57539
959921,"Furth im Wald","93437","Bayern",93437
1240885,"Furtwangen im Schwarzwald","78120","Baden-Württemberg",78120
448298,"Füssen","87629","Bayern",87629
422698,"Fußgönheim","67136","Rheinland-Pfalz",67136
1310516,"Gablenz","02953","Sachsen",2953
445873,"Gablingen","86456","Bayern",86456
1248407,"Gabsheim","55288","Rheinland-Pfalz",55288
943716,"Gachenbach","86565","Bayern",86565
453832,"Gackenbach","56412","Rheinland-Pfalz",56412
1444913,"Gadebusch","19205","Mecklenburg-Vorpommern",19205
387768,"Gädheim","97503","Bayern",97503
1481719,"Gägelow","23968","Mecklenburg-Vorpommern",23968
907232,"Gaggenau","76571","Baden-Württemberg",76571
453396,"Gaiberg","69251","Baden-Württemberg",69251
2785093,"Gaienhofen","78343","Baden-Württemberg",78343
391365,"Gaildorf","74405","Baden-Württemberg",74405
1103630,"Gailingen am Hochrhein","78262","Baden-Württemberg",78262
943539,"Gaimersheim","85080","Bayern",85080
935234,"Gaißach","83674","Bayern",83674
1419708,"Galenbeck","17099","Mecklenburg-Vorpommern",17099
1050568,"Galenberg","56651","Rheinland-Pfalz",56651
1451600,"Gallin","19258","Mecklenburg-Vorpommern",19258
449887,"Gallin-Kuppentin","19386","Mecklenburg-Vorpommern",19386
356767,"Gallmersgarten","91605","Bayern",91605
1420451,"Galmsbüll","25899","Schleswig-Holstein",25899
1259825,"Gamlen","56761","Rheinland-Pfalz",56761
552389,"Gammelby","24340","Schleswig-Holstein",24340
1451560,"Gammelin","19230","Mecklenburg-Vorpommern",19230
29827,"Gammelsdorf","85408","Bayern",85408
2792628,"Gammelshausen","73108","Baden-Württemberg",73108
2773795,"Gammertingen","72501","Baden-Württemberg",72501
539258,"Ganderkesee","27777","Niedersachsen",27777
1183243,"Gandesbergen","27324","Niedersachsen",27324
158028,"Gangelt","52538","Nordrhein-Westfalen",52538
957059,"Gangkofen","84140","Bayern",84140
2411241,"Gangloffsömmern","99634","Thüringen",99634
3768714,"Ganzlin","19395","Mecklenburg-Vorpommern",19395
543119,"Gappenach","56294","Rheinland-Pfalz",56294
59417,"Garbsen","30823","Niedersachsen",30823
59417,"Garbsen","30826","Niedersachsen",30826
59417,"Garbsen","30827","Niedersachsen",30827
942046,"Garching an der Alz","84518","Bayern",84518
30971,"Garching bei München","85748","Bayern",85748
1285598,"Gardelegen","39638","Sachsen-Anhalt",39638
1285598,"Gardelegen","39646","Sachsen-Anhalt",39646
1285598,"Gardelegen","39649","Sachsen-Anhalt",39649
1402696,"Garding","25836","Schleswig-Holstein",25836
310350,"Garlstorf","21376","Niedersachsen",21376
939334,"Garmisch-Partenkirchen","82467","Bayern",82467
939334,"Garmisch-Partenkirchen","82475","Bayern",82475
1109691,"Garrel","49681","Niedersachsen",49681
940786,"Gars am Inn","83536","Bayern",83536
940786,"Gars am Inn","83546","Bayern",83546
940786,"Gars am Inn","83555","Bayern",83555
940786,"Gars am Inn","83559","Bayern",83559
310355,"Garstedt","21441","Niedersachsen",21441
1821839,"Gartow","29471","Niedersachsen",29471
557082,"Gärtringen","71116","Baden-Württemberg",71116
1334113,"Gartz (Oder)","16307","Brandenburg",16307
1433096,"Garz","17419","Mecklenburg-Vorpommern",17419
1332957,"Garzau-Garzin","15345","Brandenburg",15345
1437550,"Garz/Rügen","18574","Mecklenburg-Vorpommern",18574
1021703,"Gattendorf","95185","Bayern",95185
1239622,"Gau-Algesheim","55435","Rheinland-Pfalz",55435
1248626,"Gau-Bickelheim","55599","Rheinland-Pfalz",55599
1239619,"Gau-Bischofsheim","55296","Rheinland-Pfalz",55296
2789079,"Gauern","07580","Thüringen",7580
1254067,"Gauersheim","67294","Rheinland-Pfalz",67294
722091,"Gäufelden","71126","Baden-Württemberg",71126
1253875,"Gaugrehweiler","67822","Rheinland-Pfalz",67822
1248566,"Gau-Heppenheim","55234","Rheinland-Pfalz",55234
162712,"Gaukönigshofen","97253","Bayern",97253
1248574,"Gau-Odernheim","55239","Rheinland-Pfalz",55239
964190,"Gaushorn","25782","Schleswig-Holstein",25782
932494,"Gauting","82131","Bayern",82131
1248404,"Gau-Weinheim","55578","Rheinland-Pfalz",55578
1028564,"Gebenbach","92274","Bayern",92274
2411242,"Gebesee","99189","Thüringen",99189
421919,"Gebhardshain","57580","Rheinland-Pfalz",57580
1244231,"Gebroth","55595","Rheinland-Pfalz",55595
534084,"Gebsattel","91607","Bayern",91607
933499,"Gechingen","75391","Baden-Württemberg",75391
450116,"Gedern","63688","Hessen",63688
1815328,"Geeste","49744","Niedersachsen",49744
325771,"Geesthacht","21502","Schleswig-Holstein",21502
4447298,"Geestland","27607","Niedersachsen",27607
4447298,"Geestland","27624","Niedersachsen",27624
1085814,"Gefell","54552","Rheinland-Pfalz",54552
2179161,"Gefell","07926","Thüringen",7926
1071009,"Gefrees","95482","Bayern",95482
165447,"Gehlberg","98559","Thüringen",98559
453155,"Gehlert","57627","Rheinland-Pfalz",57627
3422046,"Gehlsbach","19386","Mecklenburg-Vorpommern",19386
1245195,"Gehlweiler","55490","Rheinland-Pfalz",55490
2362539,"Gehofen","06571","Thüringen",6571
1817414,"Gehrde","49596","Niedersachsen",49596
2012731,"Gehrden","30989","Niedersachsen",30989
168371,"Gehren","98708","Thüringen",98708
1253973,"Gehrweiler","67724","Rheinland-Pfalz",67724
1171860,"Geichlingen","54675","Rheinland-Pfalz",54675
959166,"Geiersthal","94244","Bayern",94244
157489,"Geilenkirchen","52511","Nordrhein-Westfalen",52511
537142,"Geilnau","56379","Rheinland-Pfalz",56379
2898842,"Geisa","36419","Thüringen",36419
534052,"Geiselbach","63826","Bayern",63826
1251042,"Geiselberg","67715","Rheinland-Pfalz",67715
959646,"Geiselhöring","94333","Bayern",94333
283695,"Geiselwind","96160","Bayern",96160
380977,"Geisenfeld","85290","Bayern",85290
2778367,"Geisenhain","07646","Thüringen",7646
192227,"Geisenhausen","84144","Bayern",84144
409070,"Geisenheim","65366","Hessen",65366
1257088,"Geisfeld","54413","Rheinland-Pfalz",54413
540061,"Geisig","56357","Rheinland-Pfalz",56357
1231957,"Geisingen","78187","Baden-Württemberg",78187
2396097,"Geisleden","37308","Thüringen",37308
2779383,"Geislingen","72351","Baden-Württemberg",72351
2770605,"Geislingen an der Steige","73312","Baden-Württemberg",73312
2813135,"Geismar","37308","Thüringen",37308
422239,"Geithain","04643","Sachsen",4643
393346,"Gelbensande","18182","Mecklenburg-Vorpommern",18182
162711,"Gelchsheim","97255","Bayern",97255
167992,"Geldern","47608","Nordrhein-Westfalen",47608
318744,"Geldersheim","97505","Bayern",97505
536590,"Gelenau/Erzgeb.","09423","Sachsen",9423
1075156,"Gelenberg","53539","Rheinland-Pfalz",53539
535928,"Gelnhausen","63571","Hessen",63571
535928,"Gelnhausen","63589","Hessen",63589
62522,"Gelsenkirchen","45879","Nordrhein-Westfalen",45879
62522,"Gelsenkirchen","45881","Nordrhein-Westfalen",45881
62522,"Gelsenkirchen","45883","Nordrhein-Westfalen",45883
62522,"Gelsenkirchen","45884","Nordrhein-Westfalen",45884
62522,"Gelsenkirchen","45886","Nordrhein-Westfalen",45886
62522,"Gelsenkirchen","45888","Nordrhein-Westfalen",45888
62522,"Gelsenkirchen","45889","Nordrhein-Westfalen",45889
62522,"Gelsenkirchen","45891","Nordrhein-Westfalen",45891
62522,"Gelsenkirchen","45892","Nordrhein-Westfalen",45892
62522,"Gelsenkirchen","45894","Nordrhein-Westfalen",45894
62522,"Gelsenkirchen","45896","Nordrhein-Westfalen",45896
62522,"Gelsenkirchen","45897","Nordrhein-Westfalen",45897
62522,"Gelsenkirchen","45899","Nordrhein-Westfalen",45899
933868,"Geltendorf","82269","Bayern",82269
1145085,"Gelting","24395","Schleswig-Holstein",24395
1157530,"Geltorf","24884","Schleswig-Holstein",24884
540452,"Gemmerich","56357","Rheinland-Pfalz",56357
410523,"Gemmingen","75050","Baden-Württemberg",75050
405304,"Gemmrigheim","74376","Baden-Württemberg",74376
1171894,"Gemünd","54673","Rheinland-Pfalz",54673
443594,"Gemünden","35285","Hessen",35285
535006,"Gemünden","56459","Rheinland-Pfalz",56459
1245197,"Gemünden","55490","Rheinland-Pfalz",55490
349450,"Gemünden am Main","97737","Bayern",97737
418330,"Gemünden (Felda)","35329","Hessen",35329
962266,"Genderkingen","86682","Bayern",86682
452992,"Gengenbach","77723","Baden-Württemberg",77723
1239654,"Gensingen","55457","Rheinland-Pfalz",55457
1283580,"Genthin","39291","Sachsen-Anhalt",39291
1283580,"Genthin","39307","Sachsen-Anhalt",39307
1171882,"Gentingen","54675","Rheinland-Pfalz",54675
1419710,"Genzkow","17099","Mecklenburg-Vorpommern",17099
1059456,"Georgenberg","92697","Bayern",92697
158414,"Georgensgmünd","91166","Bayern",91166
2816724,"Georgenthal","99887","Thüringen",99887
2014146,"Georgsdorf","49828","Niedersachsen",49828
1819454,"Georgsmarienhütte","49124","Niedersachsen",49124
62671,"Gera","07545","Thüringen",7545
62671,"Gera","07546","Thüringen",7546
62671,"Gera","07548","Thüringen",7548
62671,"Gera","07549","Thüringen",7549
62671,"Gera","07551","Thüringen",7551
62671,"Gera","07552","Thüringen",7552
62671,"Gera","07554","Thüringen",7554
62671,"Gera","07557","Thüringen",7557
396219,"Geraberg","98716","Thüringen",98716
388816,"Gerabronn","74582","Baden-Württemberg",74582
1077563,"Gerach","96161","Bayern",96161
1245116,"Gerach","55743","Rheinland-Pfalz",55743
957044,"Geratskirchen","84552","Bayern",84552
1253983,"Gerbach","67813","Rheinland-Pfalz",67813
2395920,"Gerbershausen","37318","Thüringen",37318
163738,"Gerbrunn","97218","Bayern",97218
2408251,"Gerbstedt","06347","Sachsen-Anhalt",6347
1460249,"Gerdau","29581","Niedersachsen",29581
1289807,"Gerdshagen","16928","Brandenburg",16928
935148,"Geretsried","82538","Bayern",82538
1253813,"Gerhardsbrunn","66851","Rheinland-Pfalz",66851
1253813,"Gerhardsbrunn","66894","Rheinland-Pfalz",66894
451742,"Gerhardshofen","91466","Bayern",91466
543120,"Gering","56751","Rheinland-Pfalz",56751
414702,"Geringswalde","09326","Sachsen",9326
405812,"Gerlingen","70839","Baden-Württemberg",70839
447633,"Germaringen","87656","Bayern",87656
933480,"Germering","82110","Bayern",82110
904763,"Germersheim","76726","Rheinland-Pfalz",76726
2395786,"Gernrode","37339","Thüringen",37339
907212,"Gernsbach","76593","Baden-Württemberg",76593
443911,"Gernsheim","64579","Hessen",64579
384304,"Geroda","97779","Bayern",97779
2179162,"Geroda","07819","Thüringen",7819
1021708,"Geroldsgrün","95179","Bayern",95179
163745,"Geroldshausen","97256","Bayern",97256
534399,"Gerolfingen","91726","Bayern",91726
391272,"Gerolsbach","85302","Bayern",85302
1249738,"Gerolsheim","67229","Rheinland-Pfalz",67229
1074556,"Gerolstein","54568","Rheinland-Pfalz",54568
318227,"Gerolzhofen","97447","Bayern",97447
301041,"Gersdorf","09355","Sachsen",9355
454864,"Gersfeld","36129","Hessen",36129
1184824,"Gersheim","66453","Saarland",66453
2006833,"Gersten","49838","Niedersachsen",49838
2714342,"Gerstenberg","04617","Thüringen",4617
2890264,"Gerstengrund","36419","Thüringen",36419
2772184,"Gerstetten","89547","Baden-Württemberg",89547
443126,"Gersthofen","86368","Bayern",86368
2885197,"Gerstungen","99834","Thüringen",99834
1334093,"Gerswalde","17268","Brandenburg",17268
2395069,"Gerterode","37355","Thüringen",37355
2179163,"Gertewitz","07389","Thüringen",7389
191734,"Gerzen","84175","Bayern",84175
442915,"Geschendorf","23815","Schleswig-Holstein",23815
162733,"Gescher","48712","Nordrhein-Westfalen",48712
396224,"Geschwenda","98716","Thüringen",98716
1071007,"Gesees","95494","Bayern",95494
152782,"Geseke","59590","Nordrhein-Westfalen",59590
534082,"Geslau","91608","Bayern",91608
443321,"Gessertshausen","86459","Bayern",86459
959863,"Gestratz","88167","Bayern",88167
2012573,"Getelo","49843","Niedersachsen",49843
548491,"Gettorf","24214","Schleswig-Holstein",24214
1956782,"Gevelsberg","58285","Nordrhein-Westfalen",58285
1269815,"Gevenich","56825","Rheinland-Pfalz",56825
1446644,"Gevensleben","38384","Niedersachsen",38384
536589,"Geyer","09468","Sachsen",9468
162360,"Giebelstadt","97232","Bayern",97232
1399094,"Gieboldehausen","37434","Niedersachsen",37434
288964,"Giekau","24321","Schleswig-Holstein",24321
418869,"Gieleroth","57610","Rheinland-Pfalz",57610
1258412,"Gielert","54424","Rheinland-Pfalz",54424
1427279,"Gielow","17139","Mecklenburg-Vorpommern",17139
2791802,"Giengen an der Brenz","89522","Baden-Württemberg",89522
2791802,"Giengen an der Brenz","89537","Baden-Württemberg",89537
543121,"Gierschnach","56294","Rheinland-Pfalz",56294
416407,"Giershausen","57632","Rheinland-Pfalz",57632
2393507,"Giersleben","06449","Sachsen-Anhalt",6449
2817249,"Gierstädt","99100","Thüringen",99100
1108069,"Giesdorf","54614","Rheinland-Pfalz",54614
1168904,"Giesen","31180","Niedersachsen",31180
453156,"Giesenhausen","57612","Rheinland-Pfalz",57612
1471097,"Giesensdorf","23909","Schleswig-Holstein",23909
418617,"Gießen","35390","Hessen",35390
418617,"Gießen","35392","Hessen",35392
418617,"Gießen","35394","Hessen",35394
418617,"Gießen","35396","Hessen",35396
418617,"Gießen","35398","Hessen",35398
1392806,"Gifhorn","38518","Niedersachsen",38518
1392806,"Gifhorn","38559","Niedersachsen",38559
932423,"Gilching","82205","Bayern",82205
1269801,"Gillenbeuren","56825","Rheinland-Pfalz",56825
1085791,"Gillenfeld","54558","Rheinland-Pfalz",54558
1263909,"Gillersdorf","98701","Thüringen",98701
452206,"Gilserberg","34630","Hessen",34630
1808864,"Gilten","29690","Niedersachsen",29690
1163513,"Gilzem","54298","Rheinland-Pfalz",54298
1248687,"Gimbsheim","67578","Rheinland-Pfalz",67578
1244290,"Gimbweiler","55767","Rheinland-Pfalz",55767
1140556,"Gindorf","54657","Rheinland-Pfalz",54657
2772185,"Gingen an der Fils","73333","Baden-Württemberg",73333
1438066,"Gingst","18569","Mecklenburg-Vorpommern",18569
444960,"Ginsheim-Gustavsburg","65462","Hessen",65462
1246764,"Ginsweiler","67742","Rheinland-Pfalz",67742
1258877,"Gipperath","54533","Rheinland-Pfalz",54533
535007,"Girkenroth","56459","Rheinland-Pfalz",56459
453833,"Girod","56412","Rheinland-Pfalz",56412
449878,"Gischow","19386","Mecklenburg-Vorpommern",19386
1259139,"Gladbach","54518","Rheinland-Pfalz",54518
63504,"Gladbeck","45964","Nordrhein-Westfalen",45964
63504,"Gladbeck","45966","Nordrhein-Westfalen",45966
63504,"Gladbeck","45968","Nordrhein-Westfalen",45968
225492,"Gladenbach","35075","Hessen",35075
1246786,"Glanbrücken","66887","Rheinland-Pfalz",66887
1418991,"Glandorf","49219","Niedersachsen",49219
1246492,"Glan-Münchweiler","66907","Rheinland-Pfalz",66907
404298,"Glasau","23719","Schleswig-Holstein",23719
2395987,"Glasehausen","37308","Thüringen",37308
1976639,"Glasewitz","18276","Mecklenburg-Vorpommern",18276
455483,"Glashütte","01768","Sachsen",1768
418290,"Glashütten","61479","Hessen",61479
1071003,"Glashütten","95496","Bayern",95496
1515755,"Glasin","23992","Mecklenburg-Vorpommern",23992
1407734,"Glasow","17322","Mecklenburg-Vorpommern",17322
534352,"Glattbach","63864","Bayern",63864
935844,"Glatten","72293","Baden-Württemberg",72293
551073,"Glaubitz","01612","Sachsen",1612
450109,"Glauburg","63695","Hessen",63695
417028,"Glauchau","08371","Sachsen",8371
1050573,"Glees","56653","Rheinland-Pfalz",56653
31605,"Gleichen","37130","Niedersachsen",37130
2403719,"Gleina","06632","Sachsen-Anhalt",6632
962089,"Gleiritsch","92723","Bayern",92723
975316,"Gleißenberg","93477","Bayern",93477
1252464,"Gleisweiler","76835","Rheinland-Pfalz",76835
1252818,"Gleiszellen-Gleishorbach","76889","Rheinland-Pfalz",76889
372860,"Glewitz","18513","Mecklenburg-Vorpommern",18513
1310103,"Glienicke/Nordbahn","16548","Brandenburg",16548
454248,"Glinde","21509","Schleswig-Holstein",21509
929915,"Glonn","85625","Bayern",85625
956818,"Glött","89353","Bayern",89353
70202,"Glottertal","79286","Baden-Württemberg",79286
1437954,"Glowe","18551","Mecklenburg-Vorpommern",18551
1149288,"Glücksburg","24960","Schleswig-Holstein",24960
447206,"Glückstadt","25348","Schleswig-Holstein",25348
964253,"Glüsing","25779","Schleswig-Holstein",25779
935953,"Gmund","83703","Bayern",83703
1050510,"Gnarrenburg","27442","Niedersachsen",27442
2778368,"Gneus","07646","Thüringen",7646
449953,"Gneven","19065","Mecklenburg-Vorpommern",19065
1427897,"Gnevkow","17089","Mecklenburg-Vorpommern",17089
393357,"Gnewitz","18195","Mecklenburg-Vorpommern",18195
2027763,"Gnoien","17179","Mecklenburg-Vorpommern",17179
1015102,"Gnotzheim","91728","Bayern",91728
548559,"Gnutz","24622","Schleswig-Holstein",24622
167969,"Goch","47574","Nordrhein-Westfalen",47574
318303,"Gochsheim","97469","Bayern",97469
1252728,"Göcklingen","76831","Rheinland-Pfalz",76831
1309677,"Göda","02633","Sachsen",2633
533583,"Goddert","56244","Rheinland-Pfalz",56244
1419602,"Godendorf","17237","Mecklenburg-Vorpommern",17237
1204723,"Gödenroth","56290","Rheinland-Pfalz",56290
310364,"Gödenstorf","21376","Niedersachsen",21376
2406473,"Goethestadt Bad Lauchstädt","06246","Sachsen-Anhalt",6246
915435,"Göggingen","73571","Baden-Württemberg",73571
382417,"Göhl","23758","Schleswig-Holstein",23758
1451585,"Göhlen","19288","Mecklenburg-Vorpommern",19288
1819626,"Göhrde","29473","Niedersachsen",29473
1437799,"Göhren","18586","Mecklenburg-Vorpommern",18586
2778472,"Göhren","04603","Thüringen",4603
1424393,"Göhren-Lebbin","17213","Mecklenburg-Vorpommern",17213
534531,"Gohrisch","01824","Sachsen",1824
556106,"Gokels","25557","Schleswig-Holstein",25557
1427902,"Golchen","17089","Mecklenburg-Vorpommern",17089
534055,"Goldbach","63773","Bayern",63773
2818244,"Goldbach","99869","Thüringen",99869
1284736,"Goldbeck","39596","Sachsen-Anhalt",39596
449916,"Goldberg","19399","Mecklenburg-Vorpommern",19399
1415665,"Goldebek","25862","Schleswig-Holstein",25862
1415663,"Goldelund","25862","Schleswig-Holstein",25862
1464851,"Göldenitz","23919","Schleswig-Holstein",23919
1398839,"Goldenstedt","49424","Niedersachsen",49424
1273182,"Goldisthal","98746","Thüringen",98746
1070993,"Goldkronach","95497","Bayern",95497
2012574,"Gölenkamp","49843","Niedersachsen",49843
1244272,"Gollenberg","55767","Rheinland-Pfalz",55767
1332086,"Gollenberg","14728","Brandenburg",14728
1254389,"Göllheim","67307","Rheinland-Pfalz",67307
356741,"Gollhofen","97258","Bayern",97258
2778473,"Göllnitz","04626","Thüringen",4626
1184654,"Golmbach","37640","Niedersachsen",37640
2778369,"Golmsdorf","07751","Thüringen",7751
1389402,"Golßen","15938","Brandenburg",15938
1149339,"Goltoft","24864","Schleswig-Holstein",24864
540423,"Golzow","14778","Brandenburg",14778
1332916,"Golzow","15328","Brandenburg",15328
2773186,"Gomadingen","72532","Baden-Württemberg",72532
2778693,"Gomaringen","72810","Baden-Württemberg",72810
85214,"Gommern","39175","Sachsen-Anhalt",39175
85214,"Gommern","39245","Sachsen-Anhalt",39245
85214,"Gommern","39264","Sachsen-Anhalt",39264
85214,"Gommern","39279","Sachsen-Anhalt",39279
85214,"Gommern","39291","Sachsen-Anhalt",39291
1252447,"Gommersheim","67377","Rheinland-Pfalz",67377
1270320,"Gompertshausen","98663","Thüringen",98663
1254713,"Gonbach","67724","Rheinland-Pfalz",67724
659844,"Gondelsheim","75053","Baden-Württemberg",75053
1108054,"Gondenbrett","54595","Rheinland-Pfalz",54595
1182301,"Gondershausen","56283","Rheinland-Pfalz",56283
1152705,"Gondorf","54647","Rheinland-Pfalz",54647
405630,"Gönnebek","24610","Schleswig-Holstein",24610
1022830,"Gönnersdorf","53498","Rheinland-Pfalz",53498
1075994,"Gönnersdorf","54584","Rheinland-Pfalz",54584
1249960,"Gönnheim","67161","Rheinland-Pfalz",67161
552387,"Goosefeld","24340","Schleswig-Holstein",24340
2778474,"Göpfersdorf","04618","Thüringen",4618
2792098,"Göppingen","73033","Baden-Württemberg",73033
2792098,"Göppingen","73035","Baden-Württemberg",73035
2792098,"Göppingen","73037","Baden-Württemberg",73037
2792098,"Göppingen","73116","Baden-Württemberg",73116
1322955,"Gorden-Staupitz","03238","Brandenburg",3238
453834,"Görgeshausen","56412","Rheinland-Pfalz",56412
448110,"Görisried","87657","Bayern",87657
1334090,"Göritz","17291","Brandenburg",17291
2179165,"Görkwitz","07907","Thüringen",7907
1821786,"Gorleben","29475","Niedersachsen",29475
409676,"Görlitz","02826","Sachsen",2826
409676,"Görlitz","02827","Sachsen",2827
409676,"Görlitz","02828","Sachsen",2828
1451525,"Gorlosen","19294","Mecklenburg-Vorpommern",19294
1427505,"Görmin","17121","Mecklenburg-Vorpommern",17121
422404,"Gornau","09405","Sachsen",9405
422404,"Gornau","09437","Sachsen",9437
422404,"Gornau","09573","Sachsen",9573
1258362,"Gornhausen","54472","Rheinland-Pfalz",54472
536009,"Gornsdorf","09390","Sachsen",9390
2399484,"Görsbach","99765","Thüringen",99765
2388430,"Gorsleben","06577","Thüringen",6577
1240413,"Görwihl","79733","Baden-Württemberg",79733
537063,"Gorxheimertal","69517","Hessen",69517
556564,"Görzke","14828","Brandenburg",14828
2179166,"Göschitz","07907","Thüringen",7907
2403779,"Goseck","06667","Sachsen-Anhalt",6667
2778373,"Gösen","07607","Thüringen",7607
55778,"Gosen-Neu Zittau","15537","Brandenburg",15537
1245094,"Gösenroth","55624","Rheinland-Pfalz",55624
1231967,"Gosheim","78559","Baden-Württemberg",78559
1421453,"Goslar","38640","Niedersachsen",38640
1421453,"Goslar","38642","Niedersachsen",38642
1421453,"Goslar","38644","Niedersachsen",38644
1421453,"Goslar","38690","Niedersachsen",38690
396565,"Gossel","99338","Thüringen",99338
336478,"Gössenheim","97780","Bayern",97780
1252768,"Gossersweiler-Stein","76857","Rheinland-Pfalz",76857
2179167,"Gössitz","07389","Thüringen",7389
2449570,"Gößnitz","04639","Thüringen",4639
1080464,"Gößweinstein","91327","Bayern",91327
2818690,"Gotha","99867","Thüringen",99867
1953880,"Gottenheim","79288","Baden-Württemberg",79288
1444885,"Gottesgabe","19209","Mecklenburg-Vorpommern",19209
959169,"Gotteszell","94239","Bayern",94239
959911,"Gottfrieding","84177","Bayern",84177
1424153,"Gotthun","17207","Mecklenburg-Vorpommern",17207
1473802,"Göttin","21514","Schleswig-Holstein",21514
191361,"Göttingen","37073","Niedersachsen",37073
191361,"Göttingen","37075","Niedersachsen",37075
191361,"Göttingen","37077","Niedersachsen",37077
191361,"Göttingen","37079","Niedersachsen",37079
191361,"Göttingen","37081","Niedersachsen",37081
191361,"Göttingen","37083","Niedersachsen",37083
191361,"Göttingen","37085","Niedersachsen",37085
2785109,"Gottmadingen","78244","Baden-Württemberg",78244
1258358,"Graach an der Mosel","54470","Rheinland-Pfalz",54470
393349,"Graal-Müritz","18181","Mecklenburg-Vorpommern",18181
532316,"Grabau","23845","Schleswig-Holstein",23845
1469086,"Grabau","21493","Schleswig-Holstein",21493
935169,"Graben","86836","Bayern",86836
946002,"Gräben","14793","Brandenburg",14793
659812,"Graben-Neudorf","76676","Baden-Württemberg",76676
941739,"Grabenstätt","83355","Bayern",83355
2774196,"Grabenstetten","72582","Baden-Württemberg",72582
2539243,"Grabfeld","98617","Thüringen",98617
2539243,"Grabfeld","98631","Thüringen",98631
1451576,"Grabow","19300","Mecklenburg-Vorpommern",19300
1424150,"Grabow-Below","17209","Mecklenburg-Vorpommern",17209
2676470,"Grabowhöfe","17194","Mecklenburg-Vorpommern",17194
2168243,"Gräfelfing","82166","Bayern",82166
722156,"Grafenau","71120","Baden-Württemberg",71120
958974,"Grafenau","94481","Bayern",94481
2796068,"Grafenberg","72661","Baden-Württemberg",72661
1080500,"Gräfenberg","91322","Bayern",91322
1258414,"Gräfendhron","54426","Rheinland-Pfalz",54426
350013,"Gräfendorf","97782","Bayern",97782
1022763,"Grafengehaig","95356","Bayern",95356
2800611,"Gräfenhain","99887","Thüringen",99887
1327712,"Gräfenhainichen","06772","Sachsen-Anhalt",6772
1327712,"Gräfenhainichen","06773","Sachsen-Anhalt",6773
1240399,"Grafenhausen","79865","Baden-Württemberg",79865
318306,"Grafenrheinfeld","97506","Bayern",97506
396227,"Gräfenroda","99330","Thüringen",99330
1273253,"Gräfenthal","98743","Thüringen",98743
959886,"Grafenwiesen","93479","Bayern",93479
1059432,"Grafenwöhr","92655","Bayern",92655
1446636,"Grafhorst","38462","Niedersachsen",38462
929925,"Grafing","85567","Bayern",85567
959815,"Grafling","94539","Bayern",94539
933540,"Grafrath","82284","Bayern",82284
571654,"Grafschaft","53501","Rheinland-Pfalz",53501
939332,"Grainau","82491","Bayern",82491
958952,"Grainet","94143","Bayern",94143
2778370,"Graitschen bei Bürgel","07616","Thüringen",7616
1473804,"Grambek","23883","Schleswig-Holstein",23883
1408063,"Grambin","17375","Mecklenburg-Vorpommern",17375
1407735,"Grambow","17322","Mecklenburg-Vorpommern",17322
1444881,"Grambow","19071","Mecklenburg-Vorpommern",19071
1444881,"Grambow","19073","Mecklenburg-Vorpommern",19073
372857,"Grammendorf","18513","Mecklenburg-Vorpommern",18513
1427702,"Grammentin","17153","Mecklenburg-Vorpommern",17153
393338,"Grammow","18195","Mecklenburg-Vorpommern",18195
1334104,"Gramzow","17291","Brandenburg",17291
454252,"Grande","22946","Schleswig-Holstein",22946
1140562,"Gransdorf","54533","Rheinland-Pfalz",54533
372875,"Gransebieth","18513","Mecklenburg-Vorpommern",18513
1310097,"Gransee","16775","Brandenburg",16775
449899,"Granzin","19386","Mecklenburg-Vorpommern",19386
1427904,"Grapzow","17089","Mecklenburg-Vorpommern",17089
446869,"Grasberg","28879","Niedersachsen",28879
543185,"Grasbrunn","85630","Bayern",85630
537058,"Grasellenbach","64689","Hessen",64689
1446640,"Grasleben","38368","Niedersachsen",38368
941728,"Grassau","83224","Bayern",83224
959817,"Grattersdorf","94541","Bayern",94541
556093,"Grauel","24594","Schleswig-Holstein",24594
418414,"Grävenwiesbach","61279","Hessen",61279
418328,"Grebenau","36323","Hessen",36323
418341,"Grebenhain","36355","Hessen",36355
455422,"Grebenstein","34393","Hessen",34393
310385,"Grebin","24329","Schleswig-Holstein",24329
1451531,"Grebs-Niendorf","19294","Mecklenburg-Vorpommern",19294
158569,"Greding","91171","Bayern",91171
88740,"Grefrath","47929","Nordrhein-Westfalen",47929
933870,"Greifenberg","86926","Bayern",86926
215975,"Greifenstein","35753","Hessen",35753
62363,"Greifswald","17489","Mecklenburg-Vorpommern",17489
62363,"Greifswald","17491","Mecklenburg-Vorpommern",17491
62363,"Greifswald","17493","Mecklenburg-Vorpommern",17493
935187,"Greiling","83677","Bayern",83677
1256084,"Greimerath","54314","Rheinland-Pfalz",54314
1258879,"Greimerath","54533","Rheinland-Pfalz",54533
1259308,"Greimersburg","56814","Rheinland-Pfalz",56814
1277199,"Greiz","07973","Thüringen",7973
382420,"Gremersdorf","23758","Schleswig-Holstein",23758
372342,"Gremersdorf-Buchholz","18461","Mecklenburg-Vorpommern",18461
1016524,"Gremsdorf","91350","Bayern",91350
1269723,"Grenderich","56858","Rheinland-Pfalz",56858
2787902,"Grenzach-Wyhlen","79639","Baden-Württemberg",79639
1451605,"Gresse","19258","Mecklenburg-Vorpommern",19258
1809681,"Grethem","29690","Niedersachsen",29690
318261,"Grettstadt","97508","Bayern",97508
2778496,"Greußen","99718","Thüringen",99718
181147,"Greußenheim","97259","Bayern",97259
155710,"Greven","48268","Nordrhein-Westfalen",48268
1451542,"Greven","19258","Mecklenburg-Vorpommern",19258
168489,"Grevenbroich","41515","Nordrhein-Westfalen",41515
168489,"Grevenbroich","41516","Nordrhein-Westfalen",41516
168489,"Grevenbroich","41517","Nordrhein-Westfalen",41517
447346,"Grevenkop","25361","Schleswig-Holstein",25361
548518,"Grevenkrug","24241","Schleswig-Holstein",24241
1481616,"Grevesmühlen","23936","Mecklenburg-Vorpommern",23936
448709,"Gribbohm","25596","Schleswig-Holstein",25596
1433742,"Gribow","17506","Mecklenburg-Vorpommern",17506
1245115,"Griebelschied","55608","Rheinland-Pfalz",55608
1479213,"Grieben","23936","Mecklenburg-Vorpommern",23936
2410085,"Griefstedt","99638","Thüringen",99638
1246456,"Gries","66903","Rheinland-Pfalz",66903
452418,"Griesheim","64347","Hessen",64347
937794,"Griesingen","89608","Baden-Württemberg",89608
2186923,"Griesstätt","83556","Bayern",83556
1257086,"Grimburg","54413","Rheinland-Pfalz",54413
422342,"Grimma","04668","Sachsen",4668
1273313,"Grimmelshausen","98660","Thüringen",98660
372330,"Grimmen","18507","Mecklenburg-Vorpommern",18507
1463076,"Grinau","23847","Schleswig-Holstein",23847
1427905,"Grischow","17089","Mecklenburg-Vorpommern",17089
2179164,"Grobengereuth","07389","Thüringen",7389
933494,"Gröbenzell","82194","Bayern",82194
1420557,"Gröde","25869","Schleswig-Holstein",25869
1303788,"Gröden","04932","Brandenburg",4932
1147205,"Grödersby","24376","Schleswig-Holstein",24376
1147205,"Grödersby","24399","Schleswig-Holstein",24399
551077,"Gröditz","01609","Sachsen",1609
420242,"Groitzsch","04539","Sachsen",4539
1245778,"Grolsheim","55459","Rheinland-Pfalz",55459
935833,"Grömbach","72294","Baden-Württemberg",72294
935833,"Grömbach","72297","Baden-Württemberg",72297
382428,"Grömitz","23743","Schleswig-Holstein",23743
162865,"Gronau","48599","Nordrhein-Westfalen",48599
6680417,"Gronau","31028","Niedersachsen",31028
1286654,"Gröningen","39397","Sachsen-Anhalt",39397
454196,"Grönwohld","22956","Schleswig-Holstein",22956
935175,"Großaitingen","86845","Bayern",86845
549413,"Großalmerode","37247","Hessen",37247
387530,"Großbardorf","97633","Bayern",97633
310393,"Großbarkau","24245","Schleswig-Holstein",24245
2400529,"Großbartloff","37359","Thüringen",37359
55769,"Großbeeren","14979","Brandenburg",14979
2007856,"Groß Berßen","49777","Niedersachsen",49777
2796104,"Großbettlingen","72663","Baden-Württemberg",72663
452422,"Groß-Bieberau","64395","Hessen",64395
452422,"Groß-Bieberau","64401","Hessen",64401
2778371,"Großbockedra","07646","Thüringen",7646
1463289,"Groß Boden","23847","Schleswig-Holstein",23847
405257,"Großbottwar","71723","Baden-Württemberg",71723
1263903,"Großbreitenbach","98701","Thüringen",98701
2410086,"Großbrembach","99610","Thüringen",99610
553475,"Groß Buchwald","24582","Schleswig-Holstein",24582
1250672,"Großbundenbach","66501","Rheinland-Pfalz",66501
1327477,"Großderschau","16845","Brandenburg",16845
1469272,"Groß Disnack","23911","Schleswig-Holstein",23911
1310452,"Groß Düben","02953","Sachsen",2953
1310452,"Groß Düben","02959","Sachsen",2959
1309634,"Großdubrau","02694","Sachsen",2694
898632,"Großefehn","26629","Niedersachsen",26629
387518,"Großeibstadt","97633","Bayern",97633
2779242,"Grosselfingen","72415","Baden-Württemberg",72415
423225,"Großenaspe","24623","Schleswig-Holstein",24623
382418,"Großenbrode","23775","Schleswig-Holstein",23775
2388887,"Großenehrich","99718","Thüringen",99718
2902533,"Großengottern","99991","Thüringen",99991
551159,"Großenhain","01558","Sachsen",1558
551159,"Großenhain","01561","Sachsen",1561
1186883,"Großenkneten","26197","Niedersachsen",26197
454875,"Großenlüder","36137","Hessen",36137
939795,"Großenrade","25712","Schleswig-Holstein",25712
454251,"Großensee","22946","Schleswig-Holstein",22946
2889812,"Großensee","99837","Thüringen",99837
1016520,"Großenseebach","91091","Bayern",91091
2788943,"Großenstein","07580","Thüringen",7580
1156036,"Großenwiehe","24969","Schleswig-Holstein",24969
444946,"Großenwörden","21712","Niedersachsen",21712
404653,"Großerlach","71577","Baden-Württemberg",71577
2458296,"Großeutersdorf","07768","Thüringen",7768
2817259,"Großfahner","99100","Thüringen",99100
1252451,"Großfischlingen","67483","Rheinland-Pfalz",67483
444535,"Groß-Gerau","64521","Hessen",64521
449896,"Groß Godems","19372","Mecklenburg-Vorpommern",19372
1099844,"Groß Grönau","23627","Schleswig-Holstein",23627
1016394,"Großhabersdorf","90613","Bayern",90613
454195,"Großhansdorf","22927","Schleswig-Holstein",22927
310413,"Großharrie","24625","Schleswig-Holstein",24625
1307623,"Großharthau","01909","Sachsen",1909
416497,"Großhartmannsdorf","09618","Sachsen",9618
898630,"Großheide","26532","Niedersachsen",26532
956866,"Großheirath","96269","Bayern",96269
2856444,"Großheringen","99518","Thüringen",99518
394449,"Großheubach","63920","Bayern",63920
453835,"Großholbach","56412","Rheinland-Pfalz",56412
2012320,"Groß Ippener","27243","Niedersachsen",27243
1113749,"Großkampenberg","54619","Rheinland-Pfalz",54619
1249743,"Großkarlbach","67229","Rheinland-Pfalz",67229
2186924,"Großkarolinenfeld","83109","Bayern",83109
1424157,"Groß Kelle","17207","Mecklenburg-Vorpommern",17207
1433756,"Groß Kiesow","17495","Mecklenburg-Vorpommern",17495
1314223,"Großkmehlen","01990","Brandenburg",1990
374165,"Groß Kordshagen","18442","Mecklenburg-Vorpommern",18442
1389638,"Groß Köris","15746","Brandenburg",15746
1451589,"Groß Krams","19230","Mecklenburg-Vorpommern",19230
966648,"Groß Kreutz (Havel)","14550","Brandenburg",14550
535940,"Großkrotzenburg","63538","Hessen",63538
423149,"Groß Kummerfeld","24626","Schleswig-Holstein",24626
1451501,"Groß Laasch","19288","Mecklenburg-Vorpommern",19288
1108077,"Großlangenfeld","54608","Rheinland-Pfalz",54608
283613,"Großlangheim","97320","Bayern",97320
1384799,"Groß Lindow","15295","Brandenburg",15295
1258884,"Großlittgen","54534","Rheinland-Pfalz",54534
2778372,"Großlöbichau","07751","Thüringen",7751
2400517,"Großlohra","99759","Thüringen",99759
1410896,"Groß Luckow","17337","Mecklenburg-Vorpommern",17337
444329,"Großmaischeid","56276","Rheinland-Pfalz",56276
1079022,"Groß Meckelsen","27419","Niedersachsen",27419
943559,"Großmehring","85098","Bayern",85098
1419918,"Groß Miltzow","17349","Mecklenburg-Vorpommern",17349
371517,"Groß Mohrdorf","18445","Mecklenburg-Vorpommern",18445
2411316,"Großmölsen","99198","Thüringen",99198
1444876,"Groß Molzahn","19217","Mecklenburg-Vorpommern",19217
1307643,"Großnaundorf","01936","Sachsen",1936
1419896,"Groß Nemerow","17094","Mecklenburg-Vorpommern",17094
2410088,"Großneuhausen","99625","Thüringen",99625
422693,"Großniedesheim","67259","Rheinland-Pfalz",67259
422732,"Groß Niendorf","23816","Schleswig-Holstein",23816
443283,"Groß Nordende","25436","Schleswig-Holstein",25436
2856445,"Großobringen","99439","Thüringen",99439
1382927,"Groß Oesingen","29393","Niedersachsen",29393
444135,"Groß Offenseth-Aspern","25355","Schleswig-Holstein",25355
422392,"Großolbersdorf","09432","Sachsen",9432
534355,"Großostheim","63762","Bayern",63762
1467514,"Groß Pampau","21493","Schleswig-Holstein",21493
1289796,"Groß Pankow (Prignitz)","16928","Brandenburg",16928
1424301,"Groß Plasten","17192","Mecklenburg-Vorpommern",17192
1433747,"Groß Polzin","17390","Mecklenburg-Vorpommern",17390
283733,"Großpösna","04463","Sachsen",4463
1309675,"Großpostwitz/O.L.","02692","Sachsen",2692
1275648,"Großpürschütz","07751","Thüringen",7751
1352952,"Groß Quenstedt","38822","Sachsen-Anhalt",38822
1314217,"Großräschen","01983","Brandenburg",1983
1157539,"Groß Rheide","24872","Schleswig-Holstein",24872
319196,"Großrinderfeld","97950","Baden-Württemberg",97950
1996947,"Groß Roge","17166","Mecklenburg-Vorpommern",17166
537047,"Groß-Rohrheim","68649","Hessen",68649
2321798,"Großröhrsdorf","01900","Sachsen",1900
442926,"Groß Rönnau","23795","Schleswig-Holstein",23795
1184874,"Großrosseln","66352","Saarland",66352
422289,"Großrückerswalde","09518","Sachsen",9518
2411296,"Großrudestedt","99195","Thüringen",99195
1469216,"Groß Sarau","23627","Schleswig-Holstein",23627
1322607,"Groß Schacksdorf-Simmersdorf","03149","Brandenburg",3149
1463078,"Groß Schenkenberg","23860","Schleswig-Holstein",23860
415999,"Großschirma","09603","Sachsen",9603
418124,"Großschönau","02779","Sachsen",2779
418124,"Großschönau","02799","Sachsen",2799
2856994,"Großschwabhausen","99441","Thüringen",99441
422761,"Großschweidnitz","02708","Sachsen",2708
1964340,"Groß Schwiesow","18276","Mecklenburg-Vorpommern",18276
451705,"Großseifen","56472","Rheinland-Pfalz",56472
1479255,"Groß Siemz","23923","Mecklenburg-Vorpommern",23923
1149276,"Großsolt","24991","Schleswig-Holstein",24991
1250688,"Großsteinhausen","66484","Rheinland-Pfalz",66484
1504825,"Groß Stieten","23972","Mecklenburg-Vorpommern",23972
1427906,"Groß Teetzleben","17091","Mecklenburg-Vorpommern",17091
1303790,"Großthiemig","04932","Brandenburg",4932
1446662,"Groß Twülpstedt","38464","Niedersachsen",38464
452389,"Groß-Umstadt","64823","Hessen",64823
1267902,"Großvargula","99958","Thüringen",99958
548547,"Groß Vollstedt","24802","Schleswig-Holstein",24802
395324,"Großwallstadt","63868","Bayern",63868
939364,"Großweil","82439","Bayern",82439
415410,"Großweitzschen","04720","Sachsen",4720
550773,"Groß Wittensee","24361","Schleswig-Holstein",24361
1979184,"Groß Wokern","17166","Mecklenburg-Vorpommern",17166
1310081,"Großwoltersdorf","16775","Brandenburg",16775
2029538,"Groß Wüstenfelde","17168","Mecklenburg-Vorpommern",17168
452394,"Groß-Zimmern","64846","Hessen",64846
1395343,"Grothusenkoog","25836","Schleswig-Holstein",25836
1467347,"Grove","21493","Schleswig-Holstein",21493
949290,"Groven","25774","Schleswig-Holstein",25774
1273260,"Grub","98530","Thüringen",98530
956863,"Grub a.Forst","96271","Bayern",96271
382424,"Grube","23749","Schleswig-Holstein",23749
2793120,"Gruibingen","73344","Baden-Württemberg",73344
1246770,"Grumbach","67745","Rheinland-Pfalz",67745
443864,"Grünbach","08223","Sachsen",8223
418613,"Grünberg","35305","Hessen",35305
535927,"Gründau","63584","Hessen",63584
1149281,"Grundhof","24977","Schleswig-Holstein",24977
2828857,"Grundsheim","89613","Baden-Württemberg",89613
422317,"Grünebach","57520","Rheinland-Pfalz",57520
959861,"Grünenbach","88167","Bayern",88167
279222,"Grünendeich","21720","Niedersachsen",21720
1314281,"Grünewald","01945","Brandenburg",1945
419005,"Grünhain-Beierfeld","08344","Sachsen",8344
422307,"Grünhainichen","09579","Sachsen",9579
1384848,"Grünheide (Mark)","15537","Brandenburg",15537
2808300,"Grünkraut","88287","Baden-Württemberg",88287
1334112,"Grünow","17291","Brandenburg",17291
1419604,"Grünow","17237","Mecklenburg-Vorpommern",17237
1384833,"Grunow-Dammendorf","15299","Brandenburg",15299
319197,"Grünsfeld","97947","Baden-Württemberg",97947
907049,"Grünstadt","67269","Rheinland-Pfalz",67269
415806,"Grünwald","82031","Bayern",82031
415806,"Grünwald","82064","Bayern",82064
55190,"Gschwend","74417","Baden-Württemberg",74417
2186925,"Gstadt am Chiemsee","83257","Bayern",83257
1351322,"Guben","03172","Brandenburg",3172
557143,"Güby","24357","Schleswig-Holstein",24357
535008,"Guckheim","56459","Rheinland-Pfalz",56459
537143,"Gückingen","65558","Rheinland-Pfalz",65558
418220,"Gudendorf","25693","Schleswig-Holstein",25693
452195,"Gudensberg","34281","Hessen",34281
444925,"Guderhandviertel","21720","Niedersachsen",21720
1474024,"Gudow","23899","Schleswig-Holstein",23899
2808130,"Guggenhausen","88379","Baden-Württemberg",88379
410517,"Güglingen","74363","Baden-Württemberg",74363
1322839,"Guhrow","03096","Brandenburg",3096
1243997,"Guldental","55452","Rheinland-Pfalz",55452
1289791,"Gülitz-Reetz","19348","Brandenburg",19348
415011,"Güllesheim","56593","Rheinland-Pfalz",56593
1427895,"Gültz","17089","Mecklenburg-Vorpommern",17089
1427701,"Gülzow","17153","Mecklenburg-Vorpommern",17153
1469077,"Gülzow","21483","Schleswig-Holstein",21483
1959688,"Gülzow-Prüzen","18276","Mecklenburg-Vorpommern",18276
1248624,"Gumbsheim","55597","Rheinland-Pfalz",55597
173858,"Gummersbach","51643","Nordrhein-Westfalen",51643
173858,"Gummersbach","51645","Nordrhein-Westfalen",51645
173858,"Gummersbach","51647","Nordrhein-Westfalen",51647
2748749,"Gumperda","07768","Thüringen",7768
1289820,"Gumtow","16866","Brandenburg",16866
1970196,"Gundelfingen","79194","Baden-Württemberg",79194
956778,"Gundelfingen a.d.Donau","89423","Bayern",89423
162490,"Gundelsheim","96163","Bayern",96163
409714,"Gundelsheim","74831","Baden-Württemberg",74831
1075154,"Gunderath","56767","Rheinland-Pfalz",56767
1248790,"Gundersheim","67598","Rheinland-Pfalz",67598
1253977,"Gundersweiler","67724","Rheinland-Pfalz",67724
1248788,"Gundheim","67599","Rheinland-Pfalz",67599
964239,"Gundremmingen","89355","Bayern",89355
1231983,"Gunningen","78594","Baden-Württemberg",78594
2410090,"Günstedt","99631","Thüringen",99631
1239656,"Guntersblum","67583","Rheinland-Pfalz",67583
181169,"Güntersleben","97261","Bayern",97261
2802301,"Günthersleben-Wechmar","99869","Thüringen",99869
448041,"Günzach","87634","Bayern",87634
964472,"Günzburg","89312","Bayern",89312
1015096,"Gunzenhausen","91710","Bayern",91710
1821886,"Gusborn","29476","Niedersachsen",29476
1257091,"Gusenburg","54413","Rheinland-Pfalz",54413
1332929,"Gusow-Platkow","15306","Brandenburg",15306
1332610,"Güsten","39439","Sachsen-Anhalt",39439
1466179,"Güster","21514","Schleswig-Holstein",21514
1256943,"Gusterath","54317","Rheinland-Pfalz",54317
1437552,"Gustow","18574","Mecklenburg-Vorpommern",18574
1971863,"Güstrow","18273","Mecklenburg-Vorpommern",18273
1112862,"Gutach im Breisgau","79261","Baden-Württemberg",79261
453008,"Gutach (Schwarzwaldbahn)","77793","Baden-Württemberg",77793
1314282,"Guteborn","01945","Brandenburg",1945
539699,"Gutenacker","56370","Rheinland-Pfalz",56370
1240884,"Gütenbach","78148","Baden-Württemberg",78148
1244227,"Gutenberg","55595","Rheinland-Pfalz",55595
2404546,"Gutenborn","06712","Sachsen-Anhalt",6712
962090,"Guteneck","92543","Bayern",92543
357016,"Gutenstetten","91468","Bayern",91468
2801251,"Gutenzell-Hürbel","88484","Baden-Württemberg",88484
138119,"Gütersloh","33330","Nordrhein-Westfalen",33330
138119,"Gütersloh","33332","Nordrhein-Westfalen",33332
138119,"Gütersloh","33333","Nordrhein-Westfalen",33333
138119,"Gütersloh","33334","Nordrhein-Westfalen",33334
138119,"Gütersloh","33335","Nordrhein-Westfalen",33335
2410089,"Guthmannshausen","99628","Thüringen",99628
1964776,"Gutow","18276","Mecklenburg-Vorpommern",18276
1022762,"Guttenberg","95358","Bayern",95358
1256960,"Gutweiler","54317","Rheinland-Pfalz",54317
1433750,"Gützkow","17506","Mecklenburg-Vorpommern",17506
452207,"Guxhagen","34302","Hessen",34302
965591,"Gyhum","27404","Niedersachsen",27404
1070979,"Haag","95473","Bayern",95473
29832,"Haag an der Amper","85410","Bayern",85410
940688,"Haag in Oberbayern","83527","Bayern",83527
548582,"Haale","24819","Schleswig-Holstein",24819
66527,"Haan","42781","Nordrhein-Westfalen",42781
543186,"Haar","85540","Bayern",85540
958113,"Haarbach","94501","Bayern",94501
958113,"Haarbach","94542","Bayern",94542
936939,"Habach","82392","Bayern",82392
454707,"Habichtswald","34317","Hessen",34317
1108056,"Habscheid","54597","Rheinland-Pfalz",54597
550774,"Haby","24361","Schleswig-Holstein",24361
453157,"Hachenburg","57627","Rheinland-Pfalz",57627
1244015,"Hackenheim","55546","Rheinland-Pfalz",55546
324305,"Hadamar","65589","Hessen",65589
1808865,"Hademstorf","29693","Niedersachsen",29693
448767,"Hadenfeld","25560","Schleswig-Holstein",25560
337249,"Hafenlohr","97840","Bayern",97840
898198,"Hage","26524","Niedersachsen",26524
1130285,"Häg-Ehrsberg","79685","Baden-Württemberg",79685
966630,"Hagelstadt","93095","Bayern",93095
423187,"Hagen","24576","Schleswig-Holstein",24576
1800297,"Hagen","58089","Nordrhein-Westfalen",58089
1800297,"Hagen","58091","Nordrhein-Westfalen",58091
1800297,"Hagen","58093","Nordrhein-Westfalen",58093
1800297,"Hagen","58095","Nordrhein-Westfalen",58095
1800297,"Hagen","58097","Nordrhein-Westfalen",58097
1800297,"Hagen","58099","Nordrhein-Westfalen",58099
1800297,"Hagen","58119","Nordrhein-Westfalen",58119
1800297,"Hagen","58135","Nordrhein-Westfalen",58135
1819459,"Hagen am Teutoburger Wald","49170","Niedersachsen",49170
1250485,"Hagenbach","76767","Rheinland-Pfalz",76767
357027,"Hagenbüchach","91469","Bayern",91469
1169368,"Hagenburg","31558","Niedersachsen",31558
1161863,"Hagen im Bremischen","27628","Niedersachsen",27628
1451519,"Hagenow","19230","Mecklenburg-Vorpommern",19230
898197,"Hagermarsch","26524","Niedersachsen",26524
2783927,"Hagnau am Bodensee","88709","Baden-Württemberg",88709
1421433,"Hahausen","38729","Niedersachsen",38729
1015245,"Hahn","56850","Rheinland-Pfalz",56850
534478,"Hahn am See","56244","Rheinland-Pfalz",56244
1028557,"Hahnbach","92256","Bayern",92256
451706,"Hahn bei Marienberg","56472","Rheinland-Pfalz",56472
1244124,"Hahnenbach","55606","Rheinland-Pfalz",55606
1245829,"Hahnheim","55278","Rheinland-Pfalz",55278
1311141,"Hähnichen","02923","Sachsen",2923
538926,"Hahnstätten","65623","Rheinland-Pfalz",65623
1245057,"Hahnweiler","55776","Rheinland-Pfalz",55776
534147,"Haibach","63808","Bayern",63808
959652,"Haibach","94353","Bayern",94353
958942,"Haidmühle","94145","Bayern",94145
215963,"Haiger","35708","Hessen",35708
2779232,"Haigerloch","72401","Baden-Württemberg",72401
934470,"Haimhausen","85778","Bayern",85778
942038,"Haiming","84533","Bayern",84533
443593,"Haina","35114","Hessen",35114
2818245,"Haina","99869","Thüringen",99869
540453,"Hainau","56357","Rheinland-Pfalz",56357
659753,"Hainburg","63512","Hessen",63512
418126,"Hainewalde","02779","Sachsen",2779
1252463,"Hainfeld","76835","Rheinland-Pfalz",76835
411426,"Hainichen","09661","Sachsen",9661
2778374,"Hainichen","07778","Thüringen",7778
2400518,"Hainrode/Hainleite","99735","Thüringen",99735
962604,"Hainsfarth","86744","Bayern",86744
2778375,"Hainspitz","07607","Thüringen",7607
1177460,"Haiterbach","72221","Baden-Württemberg",72221
1389621,"Halbe","15757","Brandenburg",15757
949622,"Halbemond","26524","Niedersachsen",26524
1352956,"Halberstadt","38820","Sachsen-Anhalt",38820
1352956,"Halberstadt","38822","Sachsen-Anhalt",38822
1352956,"Halberstadt","38895","Sachsen-Anhalt",38895
448296,"Halblech","87642","Bayern",87642
535009,"Halbs","56457","Rheinland-Pfalz",56457
1286638,"Haldensleben","39340","Sachsen-Anhalt",39340
1286638,"Haldensleben","39343","Sachsen-Anhalt",39343
1286638,"Haldensleben","39345","Sachsen-Anhalt",39345
957701,"Haldenwang","87490","Bayern",87490
964240,"Haldenwang","89356","Bayern",89356
1289816,"Halenbeck-Rohlsdorf","16945","Brandenburg",16945
2186926,"Halfing","83128","Bayern",83128
30008,"Hallbergmoos","85399","Bayern",85399
1184661,"Halle","37620","Niedersachsen",37620
2012531,"Halle","49843","Niedersachsen",49843
157388,"Hallenberg","59969","Nordrhein-Westfalen",59969
1080453,"Hallerndorf","91352","Bayern",91352
62638,"Halle (Saale)","06108","Sachsen-Anhalt",6108
62638,"Halle (Saale)","06110","Sachsen-Anhalt",6110
62638,"Halle (Saale)","06112","Sachsen-Anhalt",6112
62638,"Halle (Saale)","06114","Sachsen-Anhalt",6114
62638,"Halle (Saale)","06116","Sachsen-Anhalt",6116
62638,"Halle (Saale)","06118","Sachsen-Anhalt",6118
62638,"Halle (Saale)","06120","Sachsen-Anhalt",6120
62638,"Halle (Saale)","06122","Sachsen-Anhalt",6122
62638,"Halle (Saale)","06124","Sachsen-Anhalt",6124
62638,"Halle (Saale)","06126","Sachsen-Anhalt",6126
62638,"Halle (Saale)","06128","Sachsen-Anhalt",6128
62638,"Halle (Saale)","06130","Sachsen-Anhalt",6130
62638,"Halle (Saale)","06132","Sachsen-Anhalt",6132
138701,"Halle (Westf.)","33790","Nordrhein-Westfalen",33790
1246414,"Hallgarten","67826","Rheinland-Pfalz",67826
1420554,"Hallig Hooge","25859","Schleswig-Holstein",25859
1075993,"Hallschlag","54611","Rheinland-Pfalz",54611
544953,"Hallstadt","96103","Bayern",96103
2899675,"Hallungen","99826","Thüringen",99826
942118,"Halsbach","84553","Bayern",84553
416001,"Halsbrücke","09633","Sachsen",9633
1152667,"Halsdorf","54646","Rheinland-Pfalz",54646
1182312,"Halsenbach","56283","Rheinland-Pfalz",56283
443486,"Halstenbek","25469","Schleswig-Holstein",25469
61945,"Haltern am See","45721","Nordrhein-Westfalen",45721
168558,"Halver","58553","Nordrhein-Westfalen",58553
306357,"Halvesbostel","21646","Niedersachsen",21646
537144,"Hambach","65582","Rheinland-Pfalz",65582
532397,"Hamberge","23619","Schleswig-Holstein",23619
904476,"Hambergen","27729","Niedersachsen",27729
659814,"Hambrücken","76707","Baden-Württemberg",76707
1259833,"Hambuch","56761","Rheinland-Pfalz",56761
1799275,"Hambühren","29313","Niedersachsen",29313
62782,"Hamburg","20095","Hamburg",20095
62782,"Hamburg","20097","Hamburg",20097
62782,"Hamburg","20099","Hamburg",20099
62782,"Hamburg","20144","Hamburg",20144
62782,"Hamburg","20146","Hamburg",20146
62782,"Hamburg","20148","Hamburg",20148
62782,"Hamburg","20149","Hamburg",20149
62782,"Hamburg","20249","Hamburg",20249
62782,"Hamburg","20251","Hamburg",20251
62782,"Hamburg","20253","Hamburg",20253
62782,"Hamburg","20255","Hamburg",20255
62782,"Hamburg","20257","Hamburg",20257
62782,"Hamburg","20259","Hamburg",20259
62782,"Hamburg","20354","Hamburg",20354
62782,"Hamburg","20355","Hamburg",20355
62782,"Hamburg","20357","Hamburg",20357
62782,"Hamburg","20359","Hamburg",20359
62782,"Hamburg","20457","Hamburg",20457
62782,"Hamburg","20459","Hamburg",20459
62782,"Hamburg","20535","Hamburg",20535
62782,"Hamburg","20537","Hamburg",20537
62782,"Hamburg","20539","Hamburg",20539
62782,"Hamburg","21029","Hamburg",21029
62782,"Hamburg","21031","Hamburg",21031
62782,"Hamburg","21033","Hamburg",21033
62782,"Hamburg","21035","Hamburg",21035
62782,"Hamburg","21037","Hamburg",21037
62782,"Hamburg","21039","Hamburg",21039
62782,"Hamburg","21073","Hamburg",21073
62782,"Hamburg","21075","Hamburg",21075
62782,"Hamburg","21077","Hamburg",21077
62782,"Hamburg","21079","Hamburg",21079
62782,"Hamburg","21107","Hamburg",21107
62782,"Hamburg","21109","Hamburg",21109
62782,"Hamburg","21129","Hamburg",21129
62782,"Hamburg","21147","Hamburg",21147
62782,"Hamburg","21149","Hamburg",21149
62782,"Hamburg","22041","Hamburg",22041
62782,"Hamburg","22043","Hamburg",22043
62782,"Hamburg","22045","Hamburg",22045
62782,"Hamburg","22047","Hamburg",22047
62782,"Hamburg","22049","Hamburg",22049
62782,"Hamburg","22081","Hamburg",22081
62782,"Hamburg","22083","Hamburg",22083
62782,"Hamburg","22085","Hamburg",22085
62782,"Hamburg","22087","Hamburg",22087
62782,"Hamburg","22089","Hamburg",22089
62782,"Hamburg","22111","Hamburg",22111
62782,"Hamburg","22113","Hamburg",22113
62782,"Hamburg","22115","Hamburg",22115
62782,"Hamburg","22117","Hamburg",22117
62782,"Hamburg","22119","Hamburg",22119
62782,"Hamburg","22143","Hamburg",22143
62782,"Hamburg","22145","Hamburg",22145
62782,"Hamburg","22147","Hamburg",22147
62782,"Hamburg","22149","Hamburg",22149
62782,"Hamburg","22159","Hamburg",22159
62782,"Hamburg","22175","Hamburg",22175
62782,"Hamburg","22177","Hamburg",22177
62782,"Hamburg","22179","Hamburg",22179
62782,"Hamburg","22297","Hamburg",22297
62782,"Hamburg","22299","Hamburg",22299
62782,"Hamburg","22301","Hamburg",22301
62782,"Hamburg","22303","Hamburg",22303
62782,"Hamburg","22305","Hamburg",22305
62782,"Hamburg","22307","Hamburg",22307
62782,"Hamburg","22309","Hamburg",22309
62782,"Hamburg","22335","Hamburg",22335
62782,"Hamburg","22337","Hamburg",22337
62782,"Hamburg","22339","Hamburg",22339
62782,"Hamburg","22359","Hamburg",22359
62782,"Hamburg","22391","Hamburg",22391
62782,"Hamburg","22393","Hamburg",22393
62782,"Hamburg","22395","Hamburg",22395
62782,"Hamburg","22397","Hamburg",22397
62782,"Hamburg","22399","Hamburg",22399
62782,"Hamburg","22415","Hamburg",22415
62782,"Hamburg","22417","Hamburg",22417
62782,"Hamburg","22419","Hamburg",22419
62782,"Hamburg","22453","Hamburg",22453
62782,"Hamburg","22455","Hamburg",22455
62782,"Hamburg","22457","Hamburg",22457
62782,"Hamburg","22459","Hamburg",22459
62782,"Hamburg","22523","Hamburg",22523
62782,"Hamburg","22525","Hamburg",22525
62782,"Hamburg","22527","Hamburg",22527
62782,"Hamburg","22529","Hamburg",22529
62782,"Hamburg","22547","Hamburg",22547
62782,"Hamburg","22549","Hamburg",22549
62782,"Hamburg","22559","Hamburg",22559
62782,"Hamburg","22587","Hamburg",22587
62782,"Hamburg","22589","Hamburg",22589
62782,"Hamburg","22605","Hamburg",22605
62782,"Hamburg","22607","Hamburg",22607
62782,"Hamburg","22609","Hamburg",22609
62782,"Hamburg","22761","Hamburg",22761
62782,"Hamburg","22763","Hamburg",22763
62782,"Hamburg","22765","Hamburg",22765
62782,"Hamburg","22767","Hamburg",22767
62782,"Hamburg","22769","Hamburg",22769
62782,"Hamburg","27499","Hamburg",27499
556576,"Hamdorf","24805","Schleswig-Holstein",24805
2014324,"Hämelhausen","27324","Niedersachsen",27324
1730383,"Hameln","31785","Niedersachsen",31785
1730383,"Hameln","31787","Niedersachsen",31787
1730383,"Hameln","31789","Niedersachsen",31789
1079013,"Hamersen","27419","Niedersachsen",27419
454243,"Hamfelde","22929","Schleswig-Holstein",22929
1466072,"Hamfelde","22929","Schleswig-Holstein",22929
62499,"Hamm","59063","Nordrhein-Westfalen",59063
62499,"Hamm","59065","Nordrhein-Westfalen",59065
62499,"Hamm","59067","Nordrhein-Westfalen",59067
62499,"Hamm","59069","Nordrhein-Westfalen",59069
62499,"Hamm","59071","Nordrhein-Westfalen",59071
62499,"Hamm","59073","Nordrhein-Westfalen",59073
62499,"Hamm","59075","Nordrhein-Westfalen",59075
62499,"Hamm","59077","Nordrhein-Westfalen",59077
1152685,"Hamm","54636","Rheinland-Pfalz",54636
444949,"Hammah","21714","Niedersachsen",21714
1248688,"Hamm am Rhein","67580","Rheinland-Pfalz",67580
386414,"Hammelburg","97762","Bayern",97762
1410800,"Hammer a.d. Uecker","17358","Mecklenburg-Vorpommern",17358
535892,"Hammersbach","63546","Hessen",63546
2856995,"Hammerstedt","99441","Thüringen",99441
444288,"Hammerstein","56598","Rheinland-Pfalz",56598
58587,"Hamminkeln","46499","Nordrhein-Westfalen",46499
453744,"Hammoor","22941","Schleswig-Holstein",22941
420585,"Hamm (Sieg)","57577","Rheinland-Pfalz",57577
158732,"Hamwarde","21502","Schleswig-Holstein",21502
548581,"Hamweddel","24816","Schleswig-Holstein",24816
535895,"Hanau","63450","Hessen",63450
535895,"Hanau","63452","Hessen",63452
535895,"Hanau","63454","Hessen",63454
535895,"Hanau","63456","Hessen",63456
535895,"Hanau","63457","Hessen",63457
318132,"Handeloh","21256","Niedersachsen",21256
1149297,"Handewitt","24976","Schleswig-Holstein",24976
1149297,"Handewitt","24983","Schleswig-Holstein",24983
1392135,"Handorf","21447","Niedersachsen",21447
2006834,"Handrup","49838","Niedersachsen",49838
548602,"Hanerau-Hademarschen","25557","Schleswig-Holstein",25557
1248783,"Hangen-Weisheim","55234","Rheinland-Pfalz",55234
422874,"Hanhofen","67374","Rheinland-Pfalz",67374
1392688,"Hankensbüttel","29386","Niedersachsen",29386
1202121,"Hann. Münden","34346","Niedersachsen",34346
59418,"Hannover","30159","Niedersachsen",30159
59418,"Hannover","30161","Niedersachsen",30161
59418,"Hannover","30163","Niedersachsen",30163
59418,"Hannover","30165","Niedersachsen",30165
59418,"Hannover","30167","Niedersachsen",30167
59418,"Hannover","30169","Niedersachsen",30169
59418,"Hannover","30171","Niedersachsen",30171
59418,"Hannover","30173","Niedersachsen",30173
59418,"Hannover","30175","Niedersachsen",30175
59418,"Hannover","30177","Niedersachsen",30177
59418,"Hannover","30179","Niedersachsen",30179
59418,"Hannover","30419","Niedersachsen",30419
59418,"Hannover","30449","Niedersachsen",30449
59418,"Hannover","30451","Niedersachsen",30451
59418,"Hannover","30453","Niedersachsen",30453
59418,"Hannover","30455","Niedersachsen",30455
59418,"Hannover","30457","Niedersachsen",30457
59418,"Hannover","30459","Niedersachsen",30459
59418,"Hannover","30519","Niedersachsen",30519
59418,"Hannover","30521","Niedersachsen",30521
59418,"Hannover","30539","Niedersachsen",30539
59418,"Hannover","30559","Niedersachsen",30559
59418,"Hannover","30625","Niedersachsen",30625
59418,"Hannover","30627","Niedersachsen",30627
59418,"Hannover","30629","Niedersachsen",30629
59418,"Hannover","30655","Niedersachsen",30655
59418,"Hannover","30657","Niedersachsen",30657
59418,"Hannover","30659","Niedersachsen",30659
59418,"Hannover","30669","Niedersachsen",30669
445749,"Hanroth","56316","Rheinland-Pfalz",56316
912078,"Hanshagen","17509","Mecklenburg-Vorpommern",17509
318147,"Hanstedt","21271","Niedersachsen",21271
1460235,"Hanstedt","29582","Niedersachsen",29582
966168,"Happurg","91230","Bayern",91230
422323,"Harbach","57572","Rheinland-Pfalz",57572
1286656,"Harbke","39365","Sachsen-Anhalt",39365
962455,"Harburg (Schwaben)","86655","Bayern",86655
423190,"Hardebek","24616","Schleswig-Holstein",24616
1397835,"Hardegsen","37181","Niedersachsen",37181
444702,"Hardert","56579","Rheinland-Pfalz",56579
403726,"Hardheim","74736","Baden-Württemberg",74736
2410091,"Hardisleben","99628","Thüringen",99628
451707,"Hardt","56472","Rheinland-Pfalz",56472
943744,"Hardt","78739","Baden-Württemberg",78739
409709,"Hardthausen am Kocher","74239","Baden-Württemberg",74239
1815258,"Haren (Ems)","49733","Niedersachsen",49733
1113767,"Hargarten","54649","Rheinland-Pfalz",54649
1244211,"Hargesheim","55595","Rheinland-Pfalz",55595
382410,"Harmsdorf","23738","Schleswig-Holstein",23738
1470176,"Harmsdorf","23911","Schleswig-Holstein",23911
280498,"Harmstorf","21228","Niedersachsen",21228
2012321,"Harpstedt","27243","Niedersachsen",27243
2179168,"Harra","07366","Thüringen",7366
1149296,"Harrislee","24955","Schleswig-Holstein",24955
445747,"Harschbach","56307","Rheinland-Pfalz",56307
1060439,"Harscheid","53520","Rheinland-Pfalz",53520
1022768,"Harsdorf","95499","Bayern",95499
446428,"Harsefeld","21698","Niedersachsen",21698
138702,"Harsewinkel","33428","Nordrhein-Westfalen",33428
1352964,"Harsleben","38829","Sachsen-Anhalt",38829
1113756,"Harspelt","54617","Rheinland-Pfalz",54617
69785,"Harsum","31177","Niedersachsen",31177
533584,"Hartenfels","56244","Rheinland-Pfalz",56244
422880,"Hartenholm","24628","Schleswig-Holstein",24628
417705,"Hartenstein","08118","Sachsen",8118
966155,"Hartenstein","91235","Bayern",91235
402946,"Hartha","04746","Sachsen",4746
422705,"Harthausen","67376","Rheinland-Pfalz",67376
1959389,"Hartheim am Rhein","79258","Baden-Württemberg",79258
2768455,"Harth-Pöllnitz","07570","Thüringen",7570
535010,"Härtlingen","56459","Rheinland-Pfalz",56459
412400,"Hartmannsdorf","09232","Sachsen",9232
2778376,"Hartmannsdorf","07613","Thüringen",7613
2786766,"Hartmannsdorf","07586","Thüringen",7586
417713,"Hartmannsdorf bei Kirchberg","08107","Sachsen",8107
455474,"Hartmannsdorf-Reichenau","01762","Sachsen",1762
1245806,"Harxheim","55296","Rheinland-Pfalz",55296
1332261,"Harzgerode","06493","Sachsen-Anhalt",6493
2400323,"Harztor","99768","Thüringen",99768
2400324,"Harzungen","99762","Thüringen",99762
1823276,"Hasbergen","49205","Niedersachsen",49205
1258886,"Hasborn","54533","Rheinland-Pfalz",54533
1246589,"Haschbach am Remigiusberg","66871","Rheinland-Pfalz",66871
1130273,"Hasel","79686","Baden-Württemberg",79686
443186,"Haselau","25489","Schleswig-Holstein",25489
959660,"Haselbach","94354","Bayern",94354
2714343,"Haselbach","04617","Thüringen",4617
1307649,"Haselbachtal","01920","Sachsen",1920
443184,"Haseldorf","25489","Schleswig-Holstein",25489
1415325,"Haselund","25855","Schleswig-Holstein",25855
1716876,"Haselünne","49740","Niedersachsen",49740
445505,"Hasenkrug","24616","Schleswig-Holstein",24616
423181,"Hasenmoor","24640","Schleswig-Holstein",24640
1269734,"Haserich","56858","Rheinland-Pfalz",56858
453017,"Haslach im Kinzigtal","77716","Baden-Württemberg",77716
336535,"Hasloch","97907","Bayern",97907
443705,"Hasloh","25474","Schleswig-Holstein",25474
1183259,"Haßbergen","31626","Niedersachsen",31626
1284768,"Hassel","39596","Sachsen-Anhalt",39596
418142,"Hasselbach","57635","Rheinland-Pfalz",57635
1204717,"Hasselbach","56288","Rheinland-Pfalz",56288
1145348,"Hasselberg","24376","Schleswig-Holstein",24376
535901,"Hasselroth","63594","Hessen",63594
2014320,"Hassel (Weser)","27324","Niedersachsen",27324
965592,"Hassendorf","27367","Niedersachsen",27367
388767,"Haßfurt","97437","Bayern",97437
2411243,"Haßleben","99189","Thüringen",99189
79069,"Haßloch","67454","Rheinland-Pfalz",67454
403744,"Haßmersheim","74855","Baden-Württemberg",74855
548567,"Haßmoor","24790","Schleswig-Holstein",24790
1182437,"Haste","31559","Niedersachsen",31559
1185613,"Hatten","26209","Niedersachsen",26209
933534,"Hattenhofen","82285","Bayern",82285
2792703,"Hattenhofen","73110","Baden-Württemberg",73110
414749,"Hattersheim","65795","Hessen",65795
453158,"Hattert","57644","Rheinland-Pfalz",57644
1244326,"Hattgenstein","55767","Rheinland-Pfalz",55767
162828,"Hattingen","45525","Nordrhein-Westfalen",45525
162828,"Hattingen","45527","Nordrhein-Westfalen",45527
162828,"Hattingen","45529","Nordrhein-Westfalen",45529
1416155,"Hattorf am Harz","37197","Niedersachsen",37197
1405430,"Hattstedt","25856","Schleswig-Holstein",25856
1415601,"Hattstedtermarsch","25856","Schleswig-Holstein",25856
1252352,"Hatzenbühl","76770","Rheinland-Pfalz",76770
546634,"Hatzenport","56332","Rheinland-Pfalz",56332
443590,"Hatzfeld","35116","Hessen",35116
1251070,"Hauenstein","76846","Rheinland-Pfalz",76846
1015098,"Haundorf","91729","Bayern",91729
275090,"Hauneck","36282","Hessen",36282
275096,"Haunetal","36166","Hessen",36166
956712,"Haunsheim","89437","Bayern",89437
1253823,"Hauptstuhl","66851","Rheinland-Pfalz",66851
448131,"Hauroth","56761","Rheinland-Pfalz",56761
453020,"Hausach","77756","Baden-Württemberg",77756
1182324,"Hausbay","56291","Rheinland-Pfalz",56291
386917,"Hausen","97647","Bayern",97647
395348,"Hausen","63840","Bayern",63840
956653,"Hausen","93345","Bayern",93345
1080502,"Hausen","91353","Bayern",91353
1245103,"Hausen","55608","Rheinland-Pfalz",55608
2395080,"Hausen","37327","Thüringen",37327
2803399,"Hausen am Bussen","89597","Baden-Württemberg",89597
2779384,"Hausen am Tann","72361","Baden-Württemberg",72361
182321,"Hausen b. Würzburg","97262","Bayern",97262
1130295,"Hausen im Wiesental","79688","Baden-Württemberg",79688
1231973,"Hausen ob Verena","78595","Baden-Württemberg",78595
444274,"Hausen (Wied)","53547","Rheinland-Pfalz",53547
444274,"Hausen (Wied)","56588","Rheinland-Pfalz",56588
1240407,"Häusern","79837","Baden-Württemberg",79837
935951,"Hausham","83734","Bayern",83734
1799473,"Häuslingen","27336","Niedersachsen",27336
2903161,"Haussömmern","99955","Thüringen",99955
548041,"Hausten","56745","Rheinland-Pfalz",56745
1246785,"Hausweiler","67742","Rheinland-Pfalz",67742
2388431,"Hauteroda","06577","Thüringen",6577
958086,"Hauzenberg","94051","Bayern",94051
1466112,"Havekost","21493","Schleswig-Holstein",21493
1332606,"Havelaue","14715","Brandenburg",14715
1284733,"Havelberg","39539","Sachsen-Anhalt",39539
967754,"Havelsee","14798","Brandenburg",14798
1432670,"Haverlah","38275","Niedersachsen",38275
1149341,"Havetoft","24873","Schleswig-Holstein",24873
157765,"Havixbeck","48329","Nordrhein-Westfalen",48329
958672,"Hawangen","87749","Bayern",87749
2777735,"Hayingen","72534","Baden-Württemberg",72534
2395854,"Haynrode","37339","Thüringen",37339
957055,"Hebertsfelden","84332","Bayern",84332
934469,"Hebertshausen","85241","Bayern",85241
934469,"Hebertshausen","85764","Bayern",85764
2779005,"Hechingen","72379","Baden-Württemberg",72379
296199,"Hechthausen","21755","Niedersachsen",21755
1332896,"Heckelberg-Brunow","16259","Brandenburg",16259
941531,"Hecken","55481","Rheinland-Pfalz",55481
1021830,"Heckenbach","53506","Rheinland-Pfalz",53506
1259144,"Heckenmünster","54518","Rheinland-Pfalz",54518
1259144,"Heckenmünster","54523","Rheinland-Pfalz",54523
1108034,"Heckhuscheid","54619","Rheinland-Pfalz",54619
85242,"Hecklingen","39444","Sachsen-Anhalt",39444
1256083,"Heddert","54429","Rheinland-Pfalz",54429
454183,"Heddesbach","69434","Baden-Württemberg",69434
454173,"Heddesheim","68542","Baden-Württemberg",68542
1432668,"Hedeper","38322","Niedersachsen",38322
1332185,"Hedersleben","06458","Sachsen-Anhalt",6458
447166,"Hedwigenkoog","25761","Schleswig-Holstein",25761
444156,"Heede","25355","Schleswig-Holstein",25355
2007900,"Heede","26892","Niedersachsen",26892
162873,"Heek","48619","Nordrhein-Westfalen",48619
1183269,"Heemsen","31622","Niedersachsen",31622
1432647,"Heere","38277","Niedersachsen",38277
1079014,"Heeslingen","27404","Niedersachsen",27404
1182503,"Heeßen","31707","Niedersachsen",31707
1246679,"Hefersweiler","67753","Rheinland-Pfalz",67753
2014376,"Hehlen","37619","Niedersachsen",37619
2856446,"Heichelheim","99439","Thüringen",99439
410284,"Heide","25746","Schleswig-Holstein",25746
1389444,"Heideblick","15926","Brandenburg",15926
158555,"Heideck","91180","Bayern",91180
532393,"Heidekamp","23858","Schleswig-Holstein",23858
1322951,"Heideland","03238","Brandenburg",3238
2778377,"Heideland","07613","Thüringen",7613
285864,"Heidelberg","69115","Baden-Württemberg",69115
285864,"Heidelberg","69117","Baden-Württemberg",69117
285864,"Heidelberg","69118","Baden-Württemberg",69118
285864,"Heidelberg","69120","Baden-Württemberg",69120
285864,"Heidelberg","69121","Baden-Württemberg",69121
285864,"Heidelberg","69123","Baden-Württemberg",69123
285864,"Heidelberg","69124","Baden-Württemberg",69124
285864,"Heidelberg","69126","Baden-Württemberg",69126
162727,"Heiden","46359","Nordrhein-Westfalen",46359
318175,"Heidenau","21258","Niedersachsen",21258
455489,"Heidenau","01809","Sachsen",1809
1258432,"Heidenburg","54426","Rheinland-Pfalz",54426
1015123,"Heidenheim","91719","Bayern",91719
2791896,"Heidenheim an der Brenz","89518","Baden-Württemberg",89518
2791896,"Heidenheim an der Brenz","89520","Baden-Württemberg",89520
2791896,"Heidenheim an der Brenz","89522","Baden-Württemberg",89522
408102,"Heidenrod","65321","Hessen",65321
422235,"Heidersdorf","09526","Sachsen",9526
1352905,"Heidesee","15754","Brandenburg",15754
1239634,"Heidesheim am Rhein","55262","Rheinland-Pfalz",55262
443285,"Heidgraben","25436","Schleswig-Holstein",25436
423232,"Heidmoor","24632","Schleswig-Holstein",24632
423152,"Heidmühlen","24598","Schleswig-Holstein",24598
1259133,"Heidweiler","54518","Rheinland-Pfalz",54518
387413,"Heigenbrücken","63869","Bayern",63869
289985,"Heikendorf","24226","Schleswig-Holstein",24226
1171868,"Heilbach","54673","Rheinland-Pfalz",54673
2470262,"Heilbad Heiligenstadt","37308","Thüringen",37308
453836,"Heilberscheid","56412","Rheinland-Pfalz",56412
62751,"Heilbronn","74072","Baden-Württemberg",74072
62751,"Heilbronn","74074","Baden-Württemberg",74074
62751,"Heilbronn","74076","Baden-Württemberg",74076
62751,"Heilbronn","74078","Baden-Württemberg",74078
62751,"Heilbronn","74080","Baden-Württemberg",74080
62751,"Heilbronn","74081","Baden-Württemberg",74081
1152702,"Heilenbach","54636","Rheinland-Pfalz",54636
2806599,"Heiligenberg","88633","Baden-Württemberg",88633
1302393,"Heiligengrabe","16909","Brandenburg",16909
382419,"Heiligenhafen","23774","Schleswig-Holstein",23774
56680,"Heiligenhaus","42579","Nordrhein-Westfalen",42579
1253766,"Heiligenmoschel","67699","Rheinland-Pfalz",67699
453837,"Heiligenroth","56412","Rheinland-Pfalz",56412
1077568,"Heiligenstadt","91332","Bayern",91332
452243,"Heiligenstedten","25524","Schleswig-Holstein",25524
448708,"Heiligenstedtenerkamp","25524","Schleswig-Holstein",25524
454180,"Heiligkreuzsteinach","69253","Baden-Württemberg",69253
534382,"Heilsbronn","91560","Bayern",91560
532400,"Heilshoop","23619","Schleswig-Holstein",23619
162469,"Heimbach","52396","Nordrhein-Westfalen",52396
1245063,"Heimbach","55779","Rheinland-Pfalz",55779
453159,"Heimborn","57629","Rheinland-Pfalz",57629
387718,"Heimbuchenthal","63872","Bayern",63872
959842,"Heimenkirch","88178","Bayern",88178
958632,"Heimertingen","87751","Bayern",87751
908343,"Heimsheim","71296","Baden-Württemberg",71296
1244083,"Heimweiler","55606","Rheinland-Pfalz",55606
2014098,"Heinade","37627","Niedersachsen",37627
445791,"Heinbockel","21726","Niedersachsen",21726
1322805,"Heinersbrück","03185","Brandenburg",3185
1071000,"Heinersreuth","95500","Bayern",95500
1432637,"Heiningen","38312","Niedersachsen",38312
2792615,"Heiningen","73037","Baden-Württemberg",73037
2792615,"Heiningen","73092","Baden-Württemberg",73092
2792615,"Heiningen","73107","Baden-Württemberg",73107
548589,"Heinkenborstel","24594","Schleswig-Holstein",24594
386878,"Heinrichsthal","63871","Bayern",63871
1410794,"Heinrichswalde","17379","Mecklenburg-Vorpommern",17379
158026,"Heinsberg","52525","Nordrhein-Westfalen",52525
446595,"Heinsdorfergrund","08468","Sachsen",8468
1184612,"Heinsen","37649","Niedersachsen",37649
1245165,"Heinzenbach","55483","Rheinland-Pfalz",55483
1244116,"Heinzenberg","55606","Rheinland-Pfalz",55606
1246783,"Heinzenhausen","67742","Rheinland-Pfalz",67742
1108059,"Heisdorf","54614","Rheinland-Pfalz",54614
443185,"Heist","25492","Schleswig-Holstein",25492
537145,"Heistenbach","65558","Rheinland-Pfalz",65558
270537,"Heitersheim","79423","Baden-Württemberg",79423
2389104,"Helbedündorf","99713","Thüringen",99713
2409459,"Helbra","06311","Sachsen-Anhalt",6311
940859,"Heldenstein","84431","Bayern",84431
2388432,"Heldrungen","06577","Thüringen",6577
535127,"Helferskirchen","56244","Rheinland-Pfalz",56244
1157962,"Helgoland","27498","Schleswig-Holstein",27498
533249,"Hellenhahn-Schellenberg","56479","Rheinland-Pfalz",56479
158157,"Hellenthal","53940","Nordrhein-Westfalen",53940
1245106,"Hellertshausen","55758","Rheinland-Pfalz",55758
1270321,"Hellingen","98663","Thüringen",98663
447962,"Hellschen-Heringsand-Unterschaar","25764","Schleswig-Holstein",25764
965611,"Hellwege","27367","Niedersachsen",27367
1021685,"Helmbrechts","95233","Bayern",95233
418893,"Helmenzen","57612","Rheinland-Pfalz",57612
418885,"Helmeroth","57612","Rheinland-Pfalz",57612
2394706,"Helmsdorf","37351","Thüringen",37351
180678,"Helmstadt","97264","Bayern",97264
454184,"Helmstadt-Bargen","74921","Baden-Württemberg",74921
1446649,"Helmstedt","38350","Niedersachsen",38350
1446649,"Helmstedt","38372","Niedersachsen",38372
288961,"Helmstorf","24321","Schleswig-Holstein",24321
1176594,"Helpsen","31691","Niedersachsen",31691
1115033,"Helsa","34298","Hessen",34298
935697,"Helse","25709","Schleswig-Holstein",25709
1251046,"Heltersberg","67716","Rheinland-Pfalz",67716
357094,"Helvesiek","27389","Niedersachsen",27389
965020,"Hemau","93155","Bayern",93155
444154,"Hemdingen","25485","Schleswig-Holstein",25485
2063637,"Hemer","58675","Nordrhein-Westfalen",58675
1016516,"Hemhofen","91334","Bayern",91334
2388433,"Hemleben","06577","Thüringen",6577
949289,"Hemme","25774","Schleswig-Holstein",25774
418874,"Hemmelzen","57612","Rheinland-Pfalz",57612
356739,"Hemmersheim","97258","Bayern",97258
405818,"Hemmingen","71282","Baden-Württemberg",71282
2012732,"Hemmingen","30966","Niedersachsen",30966
412906,"Hemmingstedt","25770","Schleswig-Holstein",25770
444756,"Hemmoor","21745","Niedersachsen",21745
454176,"Hemsbach","69502","Baden-Württemberg",69502
965600,"Hemsbünde","27386","Niedersachsen",27386
965594,"Hemslingen","27386","Niedersachsen",27386
1588112,"Hemsloh","49453","Niedersachsen",49453
1245198,"Henau","55490","Rheinland-Pfalz",55490
387524,"Hendungen","97640","Bayern",97640
966144,"Henfenfeld","91239","Bayern",91239
1273304,"Henfstädt","98660","Thüringen",98660
959811,"Hengersberg","94491","Bayern",94491
2821196,"Henneberg","98617","Thüringen",98617
36042,"Hennef (Sieg)","53773","Nordrhein-Westfalen",53773
1310087,"Hennigsdorf","16761","Brandenburg",16761
450068,"Hennstedt","25581","Schleswig-Holstein",25581
952291,"Hennstedt","25779","Schleswig-Holstein",25779
1244119,"Hennweiler","55619","Rheinland-Pfalz",55619
2411244,"Henschleben","99634","Thüringen",99634
1246483,"Henschtal","66909","Rheinland-Pfalz",66909
442762,"Henstedt-Ulzburg","24558","Schleswig-Holstein",24558
1256086,"Hentern","54314","Rheinland-Pfalz",54314
943552,"Hepberg","85120","Bayern",85120
537056,"Heppenheim","64646","Hessen",64646
1022855,"Hepstedt","27412","Niedersachsen",27412
2805479,"Herbertingen","88518","Baden-Württemberg",88518
1124261,"Herbolzheim","79336","Baden-Württemberg",79336
215969,"Herborn","35745","Hessen",35745
1245136,"Herborn","55758","Rheinland-Pfalz",55758
2791216,"Herbrechtingen","89542","Baden-Württemberg",89542
2895792,"Herbsleben","99955","Thüringen",99955
391189,"Herbstadt","97633","Bayern",97633
418337,"Herbstein","36358","Hessen",36358
1171855,"Herbstmühle","54673","Rheinland-Pfalz",54673
1246574,"Herchweiler","66871","Rheinland-Pfalz",66871
1829067,"Herdecke","58313","Nordrhein-Westfalen",58313
421958,"Herdorf","57562","Rheinland-Pfalz",57562
2805973,"Herdwangen-Schönach","88634","Baden-Württemberg",88634
445268,"Heretsried","86465","Bayern",86465
146654,"Herford","32049","Nordrhein-Westfalen",32049
146654,"Herford","32051","Nordrhein-Westfalen",32051
146654,"Herford","32052","Nordrhein-Westfalen",32052
1162789,"Herforst","54662","Rheinland-Pfalz",54662
959840,"Hergatz","88145","Bayern",88145
1244232,"Hergenfeld","55452","Rheinland-Pfalz",55452
535011,"Hergenroth","56457","Rheinland-Pfalz",56457
959435,"Hergensweiler","88138","Bayern",88138
1252831,"Hergersweiler","76872","Rheinland-Pfalz",76872
2409460,"Hergisdorf","06313","Sachsen-Anhalt",6313
238972,"Heringen","36266","Hessen",36266
2399485,"Heringen/Helme","99765","Thüringen",99765
382423,"Heringsdorf","23777","Schleswig-Holstein",23777
1432806,"Heringsdorf","17419","Mecklenburg-Vorpommern",17419
1432806,"Heringsdorf","17424","Mecklenburg-Vorpommern",17424
1432806,"Heringsdorf","17429","Mecklenburg-Vorpommern",17429
1256946,"Herl","54317","Rheinland-Pfalz",54317
549430,"Herleshausen","37293","Hessen",37293
2791803,"Hermaringen","89537","Baden-Württemberg",89537
2791803,"Hermaringen","89568","Baden-Württemberg",89568
1251043,"Hermersberg","66919","Rheinland-Pfalz",66919
1257084,"Hermeskeil","54411","Rheinland-Pfalz",54411
455479,"Hermsdorf","01776","Sachsen",1776
1314278,"Hermsdorf","01945","Brandenburg",1945
2778378,"Hermsdorf","07629","Thüringen",7629
62396,"Herne","44623","Nordrhein-Westfalen",44623
62396,"Herne","44625","Nordrhein-Westfalen",44625
62396,"Herne","44627","Nordrhein-Westfalen",44627
62396,"Herne","44628","Nordrhein-Westfalen",44628
62396,"Herne","44629","Nordrhein-Westfalen",44629
62396,"Herne","44649","Nordrhein-Westfalen",44649
62396,"Herne","44651","Nordrhein-Westfalen",44651
62396,"Herne","44652","Nordrhein-Westfalen",44652
62396,"Herne","44653","Nordrhein-Westfalen",44653
539705,"Herold","56368","Rheinland-Pfalz",56368
2902523,"Heroldishausen","99991","Thüringen",99991
1080514,"Heroldsbach","91336","Bayern",91336
1016528,"Heroldsberg","90562","Bayern",90562
2788301,"Heroldstatt","72535","Baden-Württemberg",72535
722073,"Herrenberg","71083","Baden-Württemberg",71083
2816717,"Herrenhof","99887","Thüringen",99887
1246773,"Herren-Sulzbach","67742","Rheinland-Pfalz",67742
548042,"Herresbach","56729","Rheinland-Pfalz",56729
534186,"Herrieden","91567","Bayern",91567
1240404,"Herrischried","79737","Baden-Württemberg",79737
2400325,"Herrmannsacker","99762","Thüringen",99762
956644,"Herrngiersdorf","84097","Bayern",84097
418716,"Herrnhut","02747","Sachsen",2747
2410092,"Herrnschwende","99631","Thüringen",99631
932292,"Herrsching am Ammersee","82211","Bayern",82211
1245138,"Herrstein","55756","Rheinland-Pfalz",55756
931290,"Hersbruck","91217","Bayern",91217
533585,"Herschbach","56249","Rheinland-Pfalz",56249
534479,"Herschbach","56414","Rheinland-Pfalz",56414
1250993,"Herschberg","66917","Rheinland-Pfalz",66917
1250993,"Herschberg","66919","Rheinland-Pfalz",66919
1250993,"Herschberg","66987","Rheinland-Pfalz",66987
1060440,"Herschbroich","53518","Rheinland-Pfalz",53518
1263906,"Herschdorf","98701","Thüringen",98701
168562,"Herscheid","58849","Nordrhein-Westfalen",58849
1246490,"Herschweiler-Pettersheim","66909","Rheinland-Pfalz",66909
1108078,"Hersdorf","54597","Rheinland-Pfalz",54597
63503,"Herten","45699","Nordrhein-Westfalen",45699
63503,"Herten","45701","Nordrhein-Westfalen",45701
1252793,"Herxheim","76863","Rheinland-Pfalz",76863
1249948,"Herxheim am Berg","67273","Rheinland-Pfalz",67273
1252796,"Herxheimweyher","76863","Rheinland-Pfalz",76863
1416139,"Herzberg am Harz","37412","Niedersachsen",37412
1416139,"Herzberg am Harz","37434","Niedersachsen",37434
1303473,"Herzberg (Elster)","04916","Brandenburg",4916
1302375,"Herzberg (Mark)","16835","Brandenburg",16835
137982,"Herzebrock-Clarholz","33442","Nordrhein-Westfalen",33442
1113746,"Herzfeld","54619","Rheinland-Pfalz",54619
447191,"Herzhorn","25379","Schleswig-Holstein",25379
1748587,"Herzlake","49770","Niedersachsen",49770
1016504,"Herzogenaurach","91074","Bayern",91074
157992,"Herzogenrath","52134","Nordrhein-Westfalen",52134
2012930,"Hesel","26835","Niedersachsen",26835
1169357,"Hespe","31693","Niedersachsen",31693
1016534,"Heßdorf","91093","Bayern",91093
422695,"Heßheim","67258","Rheinland-Pfalz",67258
405303,"Hessigheim","74394","Baden-Württemberg",74394
549417,"Hessisch Lichtenau","37235","Hessen",37235
1729925,"Hessisch Oldendorf","31840","Niedersachsen",31840
1269736,"Hesweiler","56865","Rheinland-Pfalz",56865
443183,"Hetlingen","25491","Schleswig-Holstein",25491
2856996,"Hetschburg","99438","Thüringen",99438
1250989,"Hettenhausen","66919","Rheinland-Pfalz",66919
1249749,"Hettenleidelheim","67310","Rheinland-Pfalz",67310
1245134,"Hettenrodt","55758","Rheinland-Pfalz",55758
396551,"Hettenshausen","85276","Bayern",85276
396551,"Hettenshausen","85304","Bayern",85304
396551,"Hettenshausen","85307","Bayern",85307
2805402,"Hettingen","72513","Baden-Württemberg",72513
181148,"Hettstadt","97265","Bayern",97265
2408511,"Hettstedt","06333","Sachsen-Anhalt",6333
1259137,"Hetzerath","54523","Rheinland-Pfalz",54523
1080470,"Hetzles","91077","Bayern",91077
2792060,"Heubach","73540","Baden-Württemberg",73540
418624,"Heuchelheim","35452","Hessen",35452
422694,"Heuchelheim bei Frankenthal","67259","Rheinland-Pfalz",67259
1252724,"Heuchelheim-Klingen","76831","Rheinland-Pfalz",76831
915430,"Heuchlingen","73572","Baden-Württemberg",73572
1186484,"Heuerßen","31700","Niedersachsen",31700
2778475,"Heukewalde","04626","Thüringen",4626
418880,"Heupelzen","57612","Rheinland-Pfalz",57612
659745,"Heusenstamm","63150","Hessen",63150
387521,"Heustreu","97618","Bayern",97618
1184871,"Heusweiler","66265","Saarland",66265
2395997,"Heuthen","37308","Thüringen",37308
70193,"Heuweiler","79194","Baden-Württemberg",79194
453160,"Heuzert","57627","Rheinland-Pfalz",57627
2014377,"Heyen","37619","Niedersachsen",37619
2778476,"Heyersdorf","04626","Thüringen",4626
2387350,"Heygendorf","06556","Thüringen",6556
147443,"Hiddenhausen","32120","Nordrhein-Westfalen",32120
2789090,"Hilbersdorf","07580","Thüringen",7580
1891490,"Hilchenbach","57271","Nordrhein-Westfalen",57271
1270364,"Hildburghausen","98646","Thüringen",98646
66555,"Hilden","40721","Nordrhein-Westfalen",40721
66555,"Hilden","40723","Nordrhein-Westfalen",40723
66555,"Hilden","40724","Nordrhein-Westfalen",40724
454876,"Hilders","36115","Hessen",36115
1176503,"Hildesheim","31134","Niedersachsen",31134
1176503,"Hildesheim","31135","Niedersachsen",31135
1176503,"Hildesheim","31137","Niedersachsen",31137
1176503,"Hildesheim","31139","Niedersachsen",31139
1176503,"Hildesheim","31141","Niedersachsen",31141
722063,"Hildrizhausen","71157","Baden-Württemberg",71157
418882,"Hilgenroth","57612","Rheinland-Pfalz",57612
2014321,"Hilgermissen","27318","Niedersachsen",27318
453344,"Hilgert","56206","Rheinland-Pfalz",56206
412806,"Hilgertshausen-Tandern","86567","Bayern",86567
2007739,"Hilkenbrook","26897","Niedersachsen",26897
145260,"Hille","32479","Nordrhein-Westfalen",32479
1374674,"Hillerse","38543","Niedersachsen",38543
330923,"Hillesheim","54576","Rheinland-Pfalz",54576
1239671,"Hillesheim","67586","Rheinland-Pfalz",67586
447968,"Hillgroven","25764","Schleswig-Holstein",25764
453345,"Hillscheid","56204","Rheinland-Pfalz",56204
158545,"Hilpoltstein","91161","Bayern",91161
1258427,"Hilscheid","54426","Rheinland-Pfalz",54426
1251156,"Hilst","66957","Rheinland-Pfalz",66957
955903,"Hiltenfingen","86856","Bayern",86856
1086004,"Hilter","49176","Niedersachsen",49176
1080460,"Hiltpoltstein","91355","Bayern",91355
2785127,"Hilzingen","78247","Baden-Württemberg",78247
1460224,"Himbergen","29584","Niedersachsen",29584
1022775,"Himmelkron","95502","Bayern",95502
444948,"Himmelpforten","21709","Niedersachsen",21709
335435,"Himmelstadt","97267","Bayern",97267
540454,"Himmighofen","56357","Rheinland-Pfalz",56357
450516,"Hingstheide","25563","Schleswig-Holstein",25563
950324,"Hinrichshagen","17498","Mecklenburg-Vorpommern",17498
898635,"Hinte","26759","Niedersachsen",26759
958969,"Hinterschmiding","94146","Bayern",94146
1408071,"Hintersee","17375","Mecklenburg-Vorpommern",17375
1245117,"Hintertiefenbach","55743","Rheinland-Pfalz",55743
1251073,"Hinterweidenthal","66999","Rheinland-Pfalz",66999
949979,"Hinterweiler","54570","Rheinland-Pfalz",54570
317596,"Hinterzarten","79856","Baden-Württemberg",79856
1256953,"Hinzenburg","54316","Rheinland-Pfalz",54316
1257094,"Hinzert-Pölert","54421","Rheinland-Pfalz",54421
1246676,"Hinzweiler","67756","Rheinland-Pfalz",67756
1079015,"Hipstedt","27432","Niedersachsen",27432
2778910,"Hirrlingen","72145","Baden-Württemberg",72145
1077550,"Hirschaid","96114","Bayern",96114
1028538,"Hirschau","92242","Bayern",92242
1028543,"Hirschbach","92275","Bayern",92275
537146,"Hirschberg","65558","Rheinland-Pfalz",65558
2179169,"Hirschberg","07927","Thüringen",7927
550581,"Hirschberg an der Bergstraße","69493","Baden-Württemberg",69493
417710,"Hirschfeld","08144","Sachsen",8144
1303794,"Hirschfeld","04932","Brandenburg",4932
2532077,"Hirschfeld","07554","Thüringen",7554
1245186,"Hirschfeld (Hunsrück)","55483","Rheinland-Pfalz",55483
537069,"Hirschhorn","69434","Hessen",69434
1253780,"Hirschhorn/ Pfalz","67732","Rheinland-Pfalz",67732
549804,"Hirschstein","01594","Sachsen",1594
1251123,"Hirschthal","66996","Rheinland-Pfalz",66996
548043,"Hirten","56729","Rheinland-Pfalz",56729
450110,"Hirzenhain","63697","Hessen",63697
418134,"Hirz-Maulsbach","57635","Rheinland-Pfalz",57635
1948875,"Hittbergen","21522","Niedersachsen",21522
1821294,"Hitzacker","29456","Niedersachsen",29456
943551,"Hitzhofen","85122","Bayern",85122
423224,"Hitzhusen","24576","Schleswig-Holstein",24576
182317,"Höchberg","97204","Bayern",97204
1248785,"Hochborn","55234","Rheinland-Pfalz",55234
939498,"Hochdonn","25712","Schleswig-Holstein",25712
2792736,"Hochdorf","73269","Baden-Württemberg",73269
2801320,"Hochdorf","88436","Baden-Württemberg",88436
2801320,"Hochdorf","88454","Baden-Württemberg",88454
422701,"Hochdorf-Assenheim","67126","Rheinland-Pfalz",67126
1240390,"Höchenschwand","79862","Baden-Württemberg",79862
414755,"Hochheim","65239","Hessen",65239
2818246,"Hochheim","99869","Thüringen",99869
387525,"Höchheim","97633","Bayern",97633
1309660,"Hochkirch","02627","Sachsen",2627
1258364,"Hochscheid","54472","Rheinland-Pfalz",54472
1186710,"Hochspeyer","67691","Rheinland-Pfalz",67691
1016532,"Höchstadt a.d.Aisch","91315","Bayern",91315
957012,"Höchstädt a.d.Donau","89420","Bayern",89420
1026851,"Hochstadt a.Main","96272","Bayern",96272
1022882,"Höchstädt im Fichtelgebirge","95186","Bayern",95186
1252805,"Hochstadt (Pfalz)","76879","Rheinland-Pfalz",76879
1244039,"Hochstätten","55585","Rheinland-Pfalz",55585
1075145,"Höchstberg","56767","Rheinland-Pfalz",56767
453161,"Höchstenbach","57629","Rheinland-Pfalz",57629
1244114,"Hochstetten-Dhaun","55606","Rheinland-Pfalz",55606
451778,"Höchst im Odenwald","64739","Hessen",64739
453413,"Hockenheim","68766","Baden-Württemberg",68766
1256088,"Hockweiler","54316","Rheinland-Pfalz",54316
1808866,"Hodenhagen","29693","Niedersachsen",29693
447773,"Hodorf","25569","Schleswig-Holstein",25569
62589,"Hof","95028","Bayern",95028
62589,"Hof","95030","Bayern",95030
62589,"Hof","95032","Bayern",95032
451708,"Hof","56472","Rheinland-Pfalz",56472
454877,"Hofbieber","36145","Hessen",36145
3378897,"Höfen an der Enz","75339","Baden-Württemberg",75339
548520,"Hoffeld","24582","Schleswig-Holstein",24582
1060421,"Hoffeld","53534","Rheinland-Pfalz",53534
1112226,"Hofgeismar","34369","Hessen",34369
414726,"Hofheim am Taunus","65719","Hessen",65719
388771,"Hofheim in Unterfranken","97461","Bayern",97461
958114,"Hofkirchen","94544","Bayern",94544
453016,"Hofstetten","77716","Baden-Württemberg",77716
933963,"Hofstetten","86928","Bayern",86928
1416733,"Högel","25858","Schleswig-Holstein",25858
422843,"Högersdorf","23795","Schleswig-Holstein",23795
288958,"Högsdorf","24327","Schleswig-Holstein",24327
1821794,"Höhbeck","29478","Niedersachsen",29478
452994,"Hohberg","77749","Baden-Württemberg",77749
161702,"Hohe Börde","39167","Sachsen-Anhalt",39167
161702,"Hohe Börde","39326","Sachsen-Anhalt",39326
161702,"Hohe Börde","39343","Sachsen-Anhalt",39343
1251044,"Höheinöd","66989","Rheinland-Pfalz",66989
1251036,"Höheischweiler","66989","Rheinland-Pfalz",66989
215972,"Hohenahr","35644","Hessen",35644
962453,"Hohenaltheim","86745","Bayern",86745
450216,"Hohenaspe","25582","Schleswig-Holstein",25582
958943,"Hohenau","94545","Bayern",94545
1022868,"Hohenberg an der Eger","95691","Bayern",95691
1284748,"Hohenberg-Krusemark","39596","Sachsen-Anhalt",39596
1314274,"Hohenbocka","01945","Brandenburg",1945
1427226,"Hohenbollentin","17111","Mecklenburg-Vorpommern",17111
2168244,"Hohenbrunn","85521","Bayern",85521
2168244,"Hohenbrunn","85662","Bayern",85662
1303816,"Hohenbucko","04936","Brandenburg",4936
1028558,"Hohenburg","92277","Bayern",92277
1979185,"Hohen Demzin","17166","Mecklenburg-Vorpommern",17166
1310797,"Hohendubrau","02906","Sachsen",2906
189454,"Hohenfelde","24257","Schleswig-Holstein",24257
394347,"Hohenfelde","18209","Mecklenburg-Vorpommern",18209
394347,"Hohenfelde","18211","Mecklenburg-Vorpommern",18211
447195,"Hohenfelde","25358","Schleswig-Holstein",25358
454199,"Hohenfelde","22946","Schleswig-Holstein",22946
2856997,"Hohenfelden","99448","Thüringen",99448
1028813,"Hohenfels","92366","Bayern",92366
1236168,"Hohenfels","78355","Baden-Württemberg",78355
1074566,"Hohenfels-Essingen","54570","Rheinland-Pfalz",54570
1318355,"Hohenfinow","16248","Brandenburg",16248
936751,"Hohenfurch","86978","Bayern",86978
2395929,"Hohengandern","37318","Thüringen",37318
337283,"Hohenhameln","31249","Niedersachsen",31249
158702,"Hohenhorn","21526","Schleswig-Holstein",21526
30011,"Hohenkammer","85411","Bayern",85411
1479630,"Hohenkirchen","23968","Mecklenburg-Vorpommern",23968
2816718,"Hohenkirchen","99887","Thüringen",99887
539089,"Höhenkirchen-Siegertsbrunn","85635","Bayern",85635
1332912,"Höhenland","16259","Brandenburg",16259
1050565,"Hohenleimbach","56746","Rheinland-Pfalz",56746
1303789,"Hohenleipisch","04934","Brandenburg",4934
1277211,"Hohenleuben","07958","Thüringen",7958
929928,"Hohenlinden","85664","Bayern",85664
450218,"Hohenlockstedt","25551","Schleswig-Holstein",25551
1427224,"Hohenmocker","17111","Mecklenburg-Vorpommern",17111
2405131,"Hohenmölsen","06679","Sachsen-Anhalt",6679
1310091,"Hohen Neuendorf","16540","Brandenburg",16540
1310091,"Hohen Neuendorf","16556","Brandenburg",16556
1310091,"Hohen Neuendorf","16562","Brandenburg",16562
1246772,"Hohenöllen","67744","Rheinland-Pfalz",67744
936832,"Hohenpeißenberg","82383","Bayern",82383
934748,"Hohenpolding","84432","Bayern",84432
449906,"Hohen Pritz","19406","Mecklenburg-Vorpommern",19406
275085,"Hohenroda","36284","Hessen",36284
387352,"Hohenroth","97618","Bayern",97618
1334115,"Hohenselchow-Groß Pinnow","16306","Brandenburg",16306
1964341,"Hohen Sprenz","18299","Mecklenburg-Vorpommern",18299
2788136,"Hohenstadt","73345","Baden-Württemberg",73345
412939,"Hohenstein","65329","Hessen",65329
2400552,"Hohenstein","99755","Thüringen",99755
2773206,"Hohenstein","72531","Baden-Württemberg",72531
301039,"Hohenstein-Ernstthal","09337","Sachsen",9337
1248704,"Hohen-Sülzen","67591","Rheinland-Pfalz",67591
2805480,"Hohentengen","88367","Baden-Württemberg",88367
2786235,"Hohentengen am Hochrhein","79801","Baden-Württemberg",79801
179420,"Hohenthann","84098","Bayern",84098
1504868,"Hohen Viecheln","23996","Mecklenburg-Vorpommern",23996
1424305,"Hohen Wangelin","17194","Mecklenburg-Vorpommern",17194
391269,"Hohenwart","86558","Bayern",86558
1273349,"Hohenwarte","07338","Thüringen",7338
959924,"Hohenwarth","93480","Bayern",93480
548595,"Hohenwestedt","24594","Schleswig-Holstein",24594
1419596,"Hohenzieritz","17237","Mecklenburg-Vorpommern",17237
2396003,"Hohes Kreuz","37308","Thüringen",37308
1251033,"Höhfröschen","66989","Rheinland-Pfalz",66989
556627,"Hohn","24806","Schleswig-Holstein",24806
535012,"Höhn","56462","Rheinland-Pfalz",56462
536014,"Hohndorf","09394","Sachsen",9394
181761,"Höhndorf","24217","Schleswig-Holstein",24217
1797685,"Hohne","29362","Niedersachsen",29362
1182436,"Hohnhorst","31559","Niedersachsen",31559
534530,"Hohnstein","01848","Sachsen",1848
1948876,"Hohnstorf (Elbe)","21522","Niedersachsen",21522
453346,"Höhr-Grenzhausen","56203","Rheinland-Pfalz",56203
288939,"Hohwacht","24321","Schleswig-Holstein",24321
454194,"Hoisdorf","22955","Schleswig-Holstein",22955
454194,"Hoisdorf","22961","Schleswig-Holstein",22961
1398884,"Holdorf","49451","Niedersachsen",49451
1444919,"Holdorf","19205","Mecklenburg-Vorpommern",19205
1444919,"Holdorf","19217","Mecklenburg-Vorpommern",19217
1184662,"Holenberg","37642","Niedersachsen",37642
1419903,"Holldorf","17094","Mecklenburg-Vorpommern",17094
1168891,"Holle","31188","Niedersachsen",31188
162451,"Hollenbach","86568","Bayern",86568
1476159,"Hollenbek","23883","Schleswig-Holstein",23883
306358,"Hollenstedt","21279","Niedersachsen",21279
453838,"Holler","56412","Rheinland-Pfalz",56412
444923,"Hollern-Twielenfleth","21723","Niedersachsen",21723
1071017,"Hollfeld","96142","Bayern",96142
955356,"Hollingstedt","25788","Schleswig-Holstein",25788
1156157,"Hollingstedt","24876","Schleswig-Holstein",24876
1204720,"Hollnich","56288","Rheinland-Pfalz",56288
1527085,"Hollnseth","21769","Niedersachsen",21769
387522,"Hollstadt","97618","Bayern",97618
450590,"Holm","25488","Schleswig-Holstein",25488
1420394,"Holm","25923","Schleswig-Holstein",25923
904474,"Holste","27729","Niedersachsen",27729
448761,"Holstenniendorf","25584","Schleswig-Holstein",25584
1163505,"Holsthum","54668","Rheinland-Pfalz",54668
1156034,"Holt","24994","Schleswig-Holstein",24994
2012455,"Holtgast","26427","Niedersachsen",26427
1451520,"Holthusen","19075","Mecklenburg-Vorpommern",19075
2012931,"Holtland","26835","Niedersachsen",26835
548611,"Holtsee","24363","Schleswig-Holstein",24363
537198,"Holzappel","56379","Rheinland-Pfalz",56379
1241646,"Holzbach","55469","Rheinland-Pfalz",55469
550776,"Holzbunge","24361","Schleswig-Holstein",24361
548621,"Holzdorf","24364","Schleswig-Holstein",24364
2014099,"Holzen","37632","Niedersachsen",37632
1256945,"Holzerath","54316","Rheinland-Pfalz",54316
722060,"Holzgerlingen","71088","Baden-Württemberg",71088
958244,"Holzgünz","87752","Bayern",87752
540455,"Holzhausen an der Haide","56357","Rheinland-Pfalz",56357
537199,"Holzheim","65558","Rheinland-Pfalz",65558
941090,"Holzheim","89291","Bayern",89291
956796,"Holzheim","89438","Bayern",89438
962254,"Holzheim","86684","Bayern",86684
965021,"Holzheim a.Forst","93183","Bayern",93183
2789618,"Holzkirch","89183","Baden-Württemberg",89183
180670,"Holzkirchen","97292","Bayern",97292
935961,"Holzkirchen","83607","Bayern",83607
2793194,"Holzmaden","73271","Baden-Württemberg",73271
1184652,"Holzminden","37603","Niedersachsen",37603
2389088,"Holzsußra","99713","Thüringen",99713
158415,"Holzwickede","59439","Nordrhein-Westfalen",59439
452196,"Homberg","34576","Hessen",34576
533250,"Homberg","56479","Rheinland-Pfalz",56479
1246763,"Homberg","67742","Rheinland-Pfalz",67742
1246763,"Homberg","67744","Rheinland-Pfalz",67744
540052,"Hömberg","56379","Rheinland-Pfalz",56379
418324,"Homberg (Ohm)","35315","Hessen",35315
1184826,"Homburg","66424","Saarland",66424
1171890,"Hommerdingen","54675","Rheinland-Pfalz",54675
1060409,"Honerath","53518","Rheinland-Pfalz",53518
310390,"Honigsee","24211","Schleswig-Holstein",24211
1021831,"Hönningen","53506","Rheinland-Pfalz",53506
1258637,"Hontheim","54538","Rheinland-Pfalz",54538
1817756,"Hoogstede","49846","Niedersachsen",49846
1451527,"Hoort","19230","Mecklenburg-Vorpommern",19230
448304,"Hopferau","87659","Bayern",87659
2856998,"Hopfgarten","99428","Thüringen",99428
403728,"Höpfingen","74746","Baden-Württemberg",74746
1332913,"Hoppegarten","15366","Brandenburg",15366
1965798,"Hoppenrade","18292","Mecklenburg-Vorpommern",18292
1246780,"Hoppstädten","67744","Rheinland-Pfalz",67744
1244287,"Hoppstädten-Weiersbach","55768","Rheinland-Pfalz",55768
155639,"Hopsten","48496","Nordrhein-Westfalen",48496
1258421,"Horath","54497","Rheinland-Pfalz",54497
453839,"Horbach","56412","Rheinland-Pfalz",56412
1084417,"Horbach","66851","Rheinland-Pfalz",66851
1244123,"Horbach","55606","Rheinland-Pfalz",55606
935829,"Horb am Neckar","72160","Baden-Württemberg",72160
1948624,"Horben","79289","Baden-Württemberg",79289
1245107,"Horbruch","55483","Rheinland-Pfalz",55483
1416145,"Hörden am Harz","37412","Niedersachsen",37412
1250430,"Hördt","76771","Rheinland-Pfalz",76771
955846,"Horgau","86497","Bayern",86497
2808131,"Horgenzell","88263","Baden-Württemberg",88263
29826,"Hörgertshausen","85413","Bayern",85413
537200,"Horhausen","56379","Rheinland-Pfalz",56379
415014,"Horhausen (Westerwald)","56593","Rheinland-Pfalz",56593
1254710,"Höringen","67724","Rheinland-Pfalz",67724
1316261,"Horka","02923","Sachsen",2923
1241654,"Horn","55469","Rheinland-Pfalz",55469
1250691,"Hornbach","66500","Rheinland-Pfalz",66500
142698,"Horn-Bad Meinberg","32805","Nordrhein-Westfalen",32805
1466178,"Hornbek","21514","Schleswig-Holstein",21514
453006,"Hornberg","78132","Baden-Württemberg",78132
445840,"Horneburg","21640","Niedersachsen",21640
2903162,"Hornsömmern","99955","Thüringen",99955
1515586,"Hornstorf","23970","Mecklenburg-Vorpommern",23970
1515586,"Hornstorf","23974","Mecklenburg-Vorpommern",23974
1141532,"Hörnum (Sylt)","25997","Schleswig-Holstein",25997
1075146,"Horperath","56766","Rheinland-Pfalz",56766
1245779,"Horrweiler","55457","Rheinland-Pfalz",55457
1246628,"Horschbach","66887","Rheinland-Pfalz",66887
1085816,"Hörscheid","54552","Rheinland-Pfalz",54552
1075153,"Hörschhausen","54552","Rheinland-Pfalz",54552
2806093,"Hörsel","99869","Thüringen",99869
2806093,"Hörsel","99880","Thüringen",99880
1268949,"Hörselberg-Hainich","99820","Thüringen",99820
447194,"Horst","25358","Schleswig-Holstein",25358
1473805,"Horst","23883","Schleswig-Holstein",23883
965595,"Horstedt","27367","Niedersachsen",27367
1405508,"Horstedt","25860","Schleswig-Holstein",25860
155642,"Hörstel","48477","Nordrhein-Westfalen",48477
548580,"Hörsten","24797","Schleswig-Holstein",24797
155783,"Horstmar","48612","Nordrhein-Westfalen",48612
1156024,"Hörup","24980","Schleswig-Holstein",24980
534054,"Hösbach","63768","Bayern",63768
454878,"Hosenfeld","36154","Hessen",36154
2186927,"Höslwang","83129","Bayern",83129
2808132,"Hoßkirch","88374","Baden-Württemberg",88374
1162790,"Hosten","54664","Rheinland-Pfalz",54664
1286642,"Hötensleben","39393","Sachsen-Anhalt",39393
1245101,"Hottenbach","55758","Rheinland-Pfalz",55758
1015149,"Höttingen","91798","Bayern",91798
965558,"Hövede","25782","Schleswig-Holstein",25782
138195,"Hövelhof","33161","Nordrhein-Westfalen",33161
421226,"Hövels","57537","Rheinland-Pfalz",57537
148593,"Höxter","37671","Nordrhein-Westfalen",37671
2014322,"Hoya","27318","Niedersachsen",27318
2014323,"Hoyerhagen","27318","Niedersachsen",27318
409630,"Hoyerswerda","02977","Sachsen",2977
453840,"Hübingen","56412","Rheinland-Pfalz",56412
533251,"Hüblingen","56479","Rheinland-Pfalz",56479
158005,"Hückelhoven","41836","Nordrhein-Westfalen",41836
173818,"Hückeswagen","42499","Nordrhein-Westfalen",42499
1403982,"Hude","25876","Schleswig-Holstein",25876
1665294,"Hüde","49448","Niedersachsen",49448
1185608,"Hude (Oldenburg)","27798","Niedersachsen",27798
1244216,"Hüffelsheim","55595","Rheinland-Pfalz",55595
403745,"Hüffenhardt","74928","Baden-Württemberg",74928
1246481,"Hüffler","66909","Rheinland-Pfalz",66909
1241468,"Hüfingen","78183","Baden-Württemberg",78183
907162,"Hügelsheim","76549","Baden-Württemberg",76549
936932,"Huglfing","82386","Bayern",82386
372347,"Hugoldsdorf","18465","Mecklenburg-Vorpommern",18465
962642,"Huisheim","86685","Bayern",86685
448603,"Huje","25588","Schleswig-Holstein",25588
2774198,"Hülben","72584","Baden-Württemberg",72584
145269,"Hüllhorst","32609","Nordrhein-Westfalen",32609
1451559,"Hülseburg","19230","Mecklenburg-Vorpommern",19230
1182394,"Hülsede","31867","Niedersachsen",31867
1060435,"Hümmel","53520","Rheinland-Pfalz",53520
557140,"Hummelfeld","24357","Schleswig-Holstein",24357
2456290,"Hummelshain","07768","Thüringen",7768
1070984,"Hummeltal","95503","Bayern",95503
444709,"Hümmerich","53547","Rheinland-Pfalz",53547
2831124,"Hümpfershausen","98634","Thüringen",98634
1418942,"Humptrup","25923","Schleswig-Holstein",25923
959647,"Hunderdorf","94336","Bayern",94336
2393822,"Hundeshagen","37339","Thüringen",37339
2803564,"Hundhaupten","07557","Thüringen",7557
959805,"Hunding","94551","Bayern",94551
534480,"Hundsangen","56414","Rheinland-Pfalz",56414
1244066,"Hundsbach","55621","Rheinland-Pfalz",55621
532372,"Hundsdorf","56235","Rheinland-Pfalz",56235
454865,"Hünfeld","36088","Hessen",36088
324315,"Hünfelden","65597","Hessen",65597
418623,"Hungen","35410","Hessen",35410
1182309,"Hungenroth","56281","Rheinland-Pfalz",56281
413391,"Hünstetten","65510","Hessen",65510
58639,"Hünxe","46569","Nordrhein-Westfalen",46569
540456,"Hunzel","56355","Rheinland-Pfalz",56355
1259140,"Hupperath","54518","Rheinland-Pfalz",54518
933819,"Hurlach","86857","Bayern",86857
163315,"Hürtgenwald","52393","Nordrhein-Westfalen",52393
162473,"Hürth","50354","Nordrhein-Westfalen",50354
1149277,"Hürup","24975","Schleswig-Holstein",24975
1149285,"Husby","24975","Schleswig-Holstein",24975
1156152,"Hüsby","24850","Schleswig-Holstein",24850
1183260,"Husum","31632","Niedersachsen",31632
1405432,"Husum","25813","Schleswig-Holstein",25813
1253801,"Hütschenhausen","66882","Rheinland-Pfalz",66882
422751,"Hüttblek","24641","Schleswig-Holstein",24641
548615,"Hütten","24358","Schleswig-Holstein",24358
1171877,"Hütten","54673","Rheinland-Pfalz",54673
215984,"Hüttenberg","35625","Hessen",35625
1152669,"Hütterscheid","54636","Rheinland-Pfalz",54636
958093,"Hutthurm","94116","Bayern",94116
1152698,"Hüttingen an der Kyll","54636","Rheinland-Pfalz",54636
1171862,"Hüttingen bei Lahr","54675","Rheinland-Pfalz",54675
2800712,"Hüttisheim","89185","Baden-Württemberg",89185
915448,"Hüttlingen","73434","Baden-Württemberg",73434
915448,"Hüttlingen","73453","Baden-Württemberg",73453
915448,"Hüttlingen","73460","Baden-Württemberg",73460
2007857,"Hüven","49751","Niedersachsen",49751
394012,"Huy","38836","Sachsen-Anhalt",38836
394012,"Huy","38838","Sachsen-Anhalt",38838
1226245,"Ibach","79837","Baden-Württemberg",79837
155641,"Ibbenbüren","49477","Nordrhein-Westfalen",49477
155641,"Ibbenbüren","49479","Nordrhein-Westfalen",49479
964467,"Ichenhausen","89335","Bayern",89335
2387423,"Ichstedt","06556","Thüringen",6556
935092,"Icking","82057","Bayern",82057
444934,"Idar-Oberstein","55743","Rheinland-Pfalz",55743
418887,"Idelberg","57612","Rheinland-Pfalz",57612
1284758,"Iden","39606","Sachsen-Anhalt",39606
1152663,"Idenheim","54636","Rheinland-Pfalz",54636
1152664,"Idesheim","54636","Rheinland-Pfalz",54636
1149460,"Idstedt","24879","Schleswig-Holstein",24879
413539,"Idstein","65510","Hessen",65510
936921,"Iffeldorf","82393","Bayern",82393
907207,"Iffezheim","76473","Baden-Württemberg",76473
2887988,"Ifta","99831","Thüringen",99831
1255973,"Igel","54298","Rheinland-Pfalz",54298
1080520,"Igensdorf","91338","Bayern",91338
401807,"Igersheim","97999","Baden-Württemberg",97999
959821,"Iggensbach","94547","Bayern",94547
915434,"Iggingen","73574","Baden-Württemberg",73574
933820,"Igling","86859","Bayern",86859
1520088,"Ihlienworth","21775","Niedersachsen",21775
422439,"Ihlow","15936","Brandenburg",15936
898633,"Ihlow","26632","Niedersachsen",26632
70142,"Ihringen","79241","Baden-Württemberg",79241
956665,"Ihrlerstein","93346","Bayern",93346
1332614,"Ilberstedt","06408","Sachsen-Anhalt",6408
1254061,"Ilbesheim","67294","Rheinland-Pfalz",67294
1252725,"Ilbesheim bei Landau in der Pfalz","76831","Rheinland-Pfalz",76831
1259835,"Illerich","56814","Rheinland-Pfalz",56814
2800659,"Illerkirchberg","89171","Baden-Württemberg",89171
2800692,"Illerrieden","89186","Baden-Württemberg",89186
941089,"Illertissen","89257","Bayern",89257
356793,"Illesheim","91471","Bayern",91471
308388,"Illingen","75428","Baden-Württemberg",75428
1187146,"Illingen","66557","Saarland",66557
2806036,"Illmensee","88636","Baden-Württemberg",88636
1028541,"Illschwang","92278","Bayern",92278
165440,"Ilmenau","98693","Thüringen",98693
396550,"Ilmmünster","85304","Bayern",85304
396203,"Ilmtal","99326","Thüringen",99326
3410017,"Ilmtal-Weinstraße","99510","Thüringen",99510
4447414,"Ilsede","31241","Niedersachsen",31241
4447414,"Ilsede","31246","Niedersachsen",31246
1352970,"Ilsenburg","38871","Sachsen-Anhalt",38871
410486,"Ilsfeld","74360","Baden-Württemberg",74360
389473,"Ilshofen","74532","Baden-Württemberg",74532
454171,"Ilvesheim","68549","Baden-Württemberg",68549
1231971,"Immendingen","78194","Baden-Württemberg",78194
531865,"Immenhausen","34376","Hessen",34376
975281,"Immenreuth","95505","Bayern",95505
2783850,"Immenstaad am Bodensee","88090","Baden-Württemberg",88090
957822,"Immenstadt im Allgäu","87509","Bayern",87509
443085,"Immenstedt","25767","Schleswig-Holstein",25767
1406976,"Immenstedt","25885","Schleswig-Holstein",25885
1085820,"Immerath","54552","Rheinland-Pfalz",54552
1258424,"Immert","54426","Rheinland-Pfalz",54426
1254395,"Immesheim","67308","Rheinland-Pfalz",67308
1252729,"Impflingen","76831","Rheinland-Pfalz",76831
1254719,"Imsbach","67725","Rheinland-Pfalz",67725
1254719,"Imsbach","67808","Rheinland-Pfalz",67808
1254719,"Imsbach","67817","Rheinland-Pfalz",67817
1253986,"Imsweiler","67806","Rheinland-Pfalz",67806
1253986,"Imsweiler","67808","Rheinland-Pfalz",67808
161968,"Inchenhofen","86570","Bayern",86570
162463,"Inden","52459","Nordrhein-Westfalen",52459
418872,"Ingelbach","57610","Rheinland-Pfalz",57610
376922,"Ingelfingen","74653","Baden-Württemberg",74653
80449,"Ingelheim am Rhein","55218","Rheinland-Pfalz",55218
1152680,"Ingendorf","54636","Rheinland-Pfalz",54636
936739,"Ingenried","86980","Bayern",86980
405307,"Ingersheim","74379","Baden-Württemberg",74379
1286636,"Ingersleben","39343","Sachsen-Anhalt",39343
2801321,"Ingoldingen","88456","Baden-Württemberg",88456
62381,"Ingolstadt","85049","Bayern",85049
62381,"Ingolstadt","85051","Bayern",85051
62381,"Ingolstadt","85053","Bayern",85053
62381,"Ingolstadt","85055","Bayern",85055
62381,"Ingolstadt","85057","Bayern",85057
958958,"Innernzell","94548","Bayern",94548
932279,"Inning am Ammersee","82266","Bayern",82266
934758,"Inning am Holz","84416","Bayern",84416
1132844,"Insel Hiddensee","18565","Mecklenburg-Vorpommern",18565
1571936,"Insel Poel","23999","Mecklenburg-Vorpommern",23999
1252794,"Insheim","76865","Rheinland-Pfalz",76865
534085,"Insingen","91610","Bayern",91610
1060424,"Insul","53520","Rheinland-Pfalz",53520
941683,"Inzell","83334","Bayern",83334
2805974,"Inzigkofen","72514","Baden-Württemberg",72514
2787920,"Inzlingen","79594","Baden-Württemberg",79594
282346,"Iphofen","97346","Bayern",97346
1244154,"Ippenschied","55566","Rheinland-Pfalz",55566
356751,"Ippesheim","97258","Bayern",97258
357058,"Ipsheim","91472","Bayern",91472
1059434,"Irchenrieth","92699","Bayern",92699
959670,"Irlbach","94342","Bayern",94342
1261694,"Irmenach","56843","Rheinland-Pfalz",56843
533252,"Irmtraut","56479","Rheinland-Pfalz",56479
1231976,"Irndorf","78597","Baden-Württemberg",78597
1163498,"Irrel","54666","Rheinland-Pfalz",54666
1113737,"Irrhausen","54689","Rheinland-Pfalz",54689
1256025,"Irsch","54451","Rheinland-Pfalz",54451
935957,"Irschenberg","83737","Bayern",83737
445510,"Irsee","87660","Bayern",87660
934752,"Isen","84424","Bayern",84424
444331,"Isenburg","56271","Rheinland-Pfalz",56271
1357837,"Isenbüttel","38550","Niedersachsen",38550
1800165,"Iserlohn","58636","Nordrhein-Westfalen",58636
1800165,"Iserlohn","58638","Nordrhein-Westfalen",58638
1800165,"Iserlohn","58640","Nordrhein-Westfalen",58640
1800165,"Iserlohn","58642","Nordrhein-Westfalen",58642
1800165,"Iserlohn","58644","Nordrhein-Westfalen",58644
1612937,"Isernhagen","30916","Niedersachsen",30916
418886,"Isert","57612","Rheinland-Pfalz",57612
2168245,"Ismaning","85737","Bayern",85737
2806739,"Isny im Allgäu","88316","Baden-Württemberg",88316
53101,"Ispringen","75228","Baden-Württemberg",75228
537201,"Isselbach","65558","Rheinland-Pfalz",65558
162713,"Isselburg","46419","Nordrhein-Westfalen",46419
2856999,"Isseroda","99428","Thüringen",99428
2903163,"Issersheilingen","99947","Thüringen",99947
1021694,"Issigau","95188","Bayern",95188
167991,"Issum","47661","Nordrhein-Westfalen",47661
2012817,"Isterberg","48465","Niedersachsen",48465
1817806,"Itterbeck","49847","Niedersachsen",49847
410525,"Ittlingen","74930","Baden-Württemberg",74930
152790,"Itzehoe","25524","Schleswig-Holstein",25524
956865,"Itzgrund","96274","Bayern",96274
444323,"Itzstedt","23845","Schleswig-Holstein",23845
1432543,"Iven","17391","Mecklenburg-Vorpommern",17391
1427698,"Ivenack","17153","Mecklenburg-Vorpommern",17153
1424312,"Jabel","17194","Mecklenburg-Vorpommern",17194
935251,"Jachenau","83676","Bayern",83676
1384844,"Jacobsdorf","15236","Brandenburg",15236
548851,"Jade","26349","Niedersachsen",26349
1157533,"Jagel","24848","Schleswig-Holstein",24848
1157533,"Jagel","24878","Schleswig-Holstein",24878
409705,"Jagsthausen","74249","Baden-Württemberg",74249
915561,"Jagstzell","73489","Baden-Württemberg",73489
536011,"Jahnsdorf/Erzgeb.","09387","Sachsen",9387
556094,"Jahrsdorf","24594","Schleswig-Holstein",24594
374153,"Jakobsdorf","18442","Mecklenburg-Vorpommern",18442
1254063,"Jakobsweiler","67814","Rheinland-Pfalz",67814
1818786,"Jameln","29479","Niedersachsen",29479
1388734,"Jamlitz","15868","Brandenburg",15868
1322604,"Jämlitz-Klein Düben","03130","Brandenburg",3130
958978,"Jandelsbrunn","94118","Bayern",94118
1156127,"Janneby","24992","Schleswig-Holstein",24992
1322810,"Jänschwalde","03172","Brandenburg",3172
1322810,"Jänschwalde","03197","Brandenburg",3197
1156030,"Jardelund","24994","Schleswig-Holstein",24994
1427536,"Jarmen","17126","Mecklenburg-Vorpommern",17126
1410892,"Jatznick","17309","Mecklenburg-Vorpommern",17309
1244060,"Jeckenbach","55592","Rheinland-Pfalz",55592
1460239,"Jelmstorf","29585","Niedersachsen",29585
1355597,"Jembke","38477","Niedersachsen",38477
1255860,"Jemgum","26844","Niedersachsen",26844
62693,"Jena","07743","Thüringen",7743
62693,"Jena","07745","Thüringen",7745
62693,"Jena","07747","Thüringen",7747
62693,"Jena","07749","Thüringen",7749
62693,"Jena","07751","Thüringen",7751
2778379,"Jenalöbnitz","07751","Thüringen",7751
443030,"Jengen","86860","Bayern",86860
1283578,"Jerichow","39307","Sachsen-Anhalt",39307
1283578,"Jerichow","39319","Sachsen-Anhalt",39319
1156124,"Jerrishoe","24963","Schleswig-Holstein",24963
453724,"Jersbek","22941","Schleswig-Holstein",22941
1446656,"Jerxheim","38381","Niedersachsen",38381
452208,"Jesberg","34632","Hessen",34632
1444888,"Jesendorf","19417","Mecklenburg-Vorpommern",19417
933547,"Jesenwang","82287","Bayern",82287
445964,"Jesewitz","04838","Sachsen",4838
1327666,"Jessen (Elster)","06917","Sachsen-Anhalt",6917
280522,"Jesteburg","21266","Niedersachsen",21266
2785957,"Jestetten","79798","Baden-Württemberg",79798
941065,"Jettenbach","84555","Bayern",84555
1246677,"Jettenbach","66887","Rheinland-Pfalz",66887
722071,"Jettingen","71131","Baden-Württemberg",71131
964236,"Jettingen-Scheppach","89343","Bayern",89343
393071,"Jetzendorf","85305","Bayern",85305
548579,"Jevenstedt","24808","Schleswig-Holstein",24808
1187785,"Jever","26441","Niedersachsen",26441
1318354,"Joachimsthal","16247","Brandenburg",16247
87495,"Jockgrim","76751","Rheinland-Pfalz",76751
534053,"Johannesberg","63867","Bayern",63867
419012,"Johanngeorgenstadt","08349","Sachsen",8349
957048,"Johanniskirchen","84381","Bayern",84381
536627,"Jöhstadt","09477","Sachsen",9477
1415666,"Joldelund","25862","Schleswig-Holstein",25862
2778477,"Jonaswalde","04626","Thüringen",4626
418118,"Jonsdorf","02796","Sachsen",2796
2020634,"Jördenstorf","17168","Mecklenburg-Vorpommern",17168
2420743,"Jork","21635","Niedersachsen",21635
1156131,"Jörl","24992","Schleswig-Holstein",24992
2604664,"Jossgrund","63637","Hessen",63637
1285578,"Jübar","38489","Sachsen-Anhalt",38489
1156163,"Jübek","24855","Schleswig-Holstein",24855
168486,"Jüchen","41363","Nordrhein-Westfalen",41363
2778478,"Jückelberg","04618","Thüringen",4618
1113729,"Jucken","54689","Rheinland-Pfalz",54689
1273174,"Judenbach","96515","Thüringen",96515
1245312,"Jugenheim in Rheinhessen","55270","Rheinland-Pfalz",55270
1399086,"Jühnde","37127","Niedersachsen",37127
897895,"Juist","26571","Niedersachsen",26571
957042,"Julbach","84387","Bayern",84387
158408,"Jülich","52428","Nordrhein-Westfalen",52428
1469083,"Juliusburg","21483","Schleswig-Holstein",21483
2779006,"Jungingen","72417","Baden-Württemberg",72417
1075995,"Jünkerath","54584","Rheinland-Pfalz",54584
1958440,"Jürgenshagen","18246","Mecklenburg-Vorpommern",18246
1427693,"Jürgenstorf","17153","Mecklenburg-Vorpommern",17153
422436,"Jüterbog","14913","Brandenburg",14913
448605,"Kaaks","25582","Schleswig-Holstein",25582
168485,"Kaarst","41564","Nordrhein-Westfalen",41564
382414,"Kabelhorst","23738","Schleswig-Holstein",23738
2406436,"Kabelsketal","06184","Sachsen-Anhalt",6184
549802,"Käbschütztal","01665","Sachsen",1665
535013,"Kaden","56459","Rheinland-Pfalz",56459
453841,"Kadenbach","56337","Rheinland-Pfalz",56337
2457258,"Kahla","07768","Thüringen",7768
534299,"Kahl am Main","63796","Bayern",63796
1259830,"Kaifenheim","56761","Rheinland-Pfalz",56761
1266517,"Kail","56829","Rheinland-Pfalz",56829
448766,"Kaisborstel","25560","Schleswig-Holstein",25560
2354399,"Kaiserpfalz","06642","Sachsen-Anhalt",6642
400937,"Kaisersbach","73553","Baden-Württemberg",73553
400937,"Kaisersbach","73642","Baden-Württemberg",73642
400937,"Kaisersbach","73667","Baden-Württemberg",73667
448134,"Kaisersesch","56759","Rheinland-Pfalz",56759
62652,"Kaiserslautern","67655","Rheinland-Pfalz",67655
62652,"Kaiserslautern","67657","Rheinland-Pfalz",67657
62652,"Kaiserslautern","67659","Rheinland-Pfalz",67659
62652,"Kaiserslautern","67661","Rheinland-Pfalz",67661
62652,"Kaiserslautern","67663","Rheinland-Pfalz",67663
935256,"Kaiser-Wilhelm-Koog","25709","Schleswig-Holstein",25709
962387,"Kaisheim","86687","Bayern",86687
318180,"Kakenstorf","21255","Niedersachsen",21255
454879,"Kalbach","36148","Hessen",36148
1079027,"Kalbe","27419","Niedersachsen",27419
1285594,"Kalbe (Milde)","39624","Sachsen-Anhalt",39624
2344341,"Kalbsrieth","06556","Thüringen",6556
1016507,"Kalchreuth","90562","Bayern",90562
163004,"Kalefeld","37589","Niedersachsen",37589
448133,"Kalenborn","56759","Rheinland-Pfalz",56759
1021828,"Kalenborn","53505","Rheinland-Pfalz",53505
1074560,"Kalenborn-Scheuern","54570","Rheinland-Pfalz",54570
167955,"Kalkar","47546","Nordrhein-Westfalen",47546
1479629,"Kalkhorst","23942","Mecklenburg-Vorpommern",23942
1479629,"Kalkhorst","23948","Mecklenburg-Vorpommern",23948
1253871,"Kalkofen","67822","Rheinland-Pfalz",67822
158158,"Kall","53925","Nordrhein-Westfalen",53925
142678,"Kalletal","32689","Nordrhein-Westfalen",32689
2394713,"Kallmerode","37327","Thüringen",37327
965011,"Kallmünz","93183","Bayern",93183
1249949,"Kallstadt","67169","Rheinland-Pfalz",67169
543122,"Kalt","56294","Rheinland-Pfalz",56294
1060426,"Kaltenborn","53520","Rheinland-Pfalz",53520
548977,"Kaltenengers","56220","Rheinland-Pfalz",56220
538928,"Kaltenholzhausen","65558","Rheinland-Pfalz",65558
423184,"Kaltenkirchen","24568","Schleswig-Holstein",24568
2900086,"Kaltennordheim","36452","Thüringen",36452
2831110,"Kaltensundheim","98634","Thüringen",98634
447638,"Kaltental","87662","Bayern",87662
2536324,"Kaltenwestheim","98634","Thüringen",98634
310407,"Kalübbe","24326","Schleswig-Holstein",24326
158453,"Kamen","59174","Nordrhein-Westfalen",59174
1307664,"Kamenz","01917","Sachsen",1917
1284741,"Kamern","39524","Sachsen-Anhalt",39524
964148,"Kammeltal","89358","Bayern",89358
453347,"Kammerforst","56206","Rheinland-Pfalz",56206
2903164,"Kammerforst","99986","Thüringen",99986
158269,"Kammerstein","91126","Bayern",91126
1433090,"Kamminke","17419","Mecklenburg-Vorpommern",17419
957141,"Kammlach","87754","Bayern",87754
536242,"Kamp-Bornhofen","56341","Rheinland-Pfalz",56341
1147133,"Kampen (Sylt)","25999","Schleswig-Holstein",25999
53370,"Kämpfelbach","75236","Baden-Württemberg",75236
58619,"Kamp-Lintfort","47475","Nordrhein-Westfalen",47475
1273358,"Kamsdorf","07334","Thüringen",7334
1250501,"Kandel","76870","Rheinland-Pfalz",76870
1130283,"Kandern","79400","Baden-Württemberg",79400
1467345,"Kankelau","21514","Schleswig-Holstein",21514
2388469,"Kannawurf","06578","Thüringen",6578
2802283,"Kanzach","88422","Baden-Württemberg",88422
1255963,"Kanzem","54441","Rheinland-Pfalz",54441
2857000,"Kapellendorf","99510","Thüringen",99510
1252823,"Kapellen-Drusweiler","76889","Rheinland-Pfalz",76889
1075130,"Kaperich","56767","Rheinland-Pfalz",56767
1245164,"Kappel","55483","Rheinland-Pfalz",55483
452999,"Kappel-Grafenhausen","77966","Baden-Württemberg",77966
1145350,"Kappeln","24376","Schleswig-Holstein",24376
1145350,"Kappeln","24404","Schleswig-Holstein",24404
1246775,"Kappeln","67744","Rheinland-Pfalz",67744
452977,"Kappelrodeck","77876","Baden-Württemberg",77876
1252835,"Kapsweyer","76889","Rheinland-Pfalz",76889
335468,"Karbach","97842","Bayern",97842
1182319,"Karbach","56281","Rheinland-Pfalz",56281
450117,"Karben","61184","Hessen",61184
554520,"Karby","24398","Schleswig-Holstein",24398
1451526,"Karenz","19294","Mecklenburg-Vorpommern",19294
1424302,"Kargow","17192","Mecklenburg-Vorpommern",17192
1258878,"Karl","54534","Rheinland-Pfalz",54534
158357,"Karlsbad","76307","Baden-Württemberg",76307
1433743,"Karlsburg","17495","Mecklenburg-Vorpommern",17495
2778380,"Karlsdorf","07646","Thüringen",7646
659823,"Karlsdorf-Neuthard","76689","Baden-Württemberg",76689
934461,"Karlsfeld","85757","Bayern",85757
1432809,"Karlshagen","17449","Mecklenburg-Vorpommern",17449
1171851,"Karlshausen","54673","Rheinland-Pfalz",54673
943728,"Karlshuld","86668","Bayern",86668
943710,"Karlskron","85123","Bayern",85123
62518,"Karlsruhe","76131","Baden-Württemberg",76131
62518,"Karlsruhe","76133","Baden-Württemberg",76133
62518,"Karlsruhe","76135","Baden-Württemberg",76135
62518,"Karlsruhe","76137","Baden-Württemberg",76137
62518,"Karlsruhe","76139","Baden-Württemberg",76139
62518,"Karlsruhe","76149","Baden-Württemberg",76149
62518,"Karlsruhe","76185","Baden-Württemberg",76185
62518,"Karlsruhe","76187","Baden-Württemberg",76187
62518,"Karlsruhe","76189","Baden-Württemberg",76189
62518,"Karlsruhe","76199","Baden-Württemberg",76199
62518,"Karlsruhe","76227","Baden-Württemberg",76227
62518,"Karlsruhe","76228","Baden-Württemberg",76228
62518,"Karlsruhe","76229","Baden-Württemberg",76229
336479,"Karlstadt","97753","Bayern",97753
534300,"Karlstein am Main","63791","Bayern",63791
1418484,"Karlum","25926","Schleswig-Holstein",25926
374162,"Karnin","18469","Mecklenburg-Vorpommern",18469
946202,"Karolinenkoog","25774","Schleswig-Holstein",25774
449889,"Karrenzin","19372","Mecklenburg-Vorpommern",19372
350014,"Karsbach","97783","Bayern",97783
2396084,"Karsdorf","06638","Sachsen-Anhalt",6638
1289810,"Karstädt","19357","Brandenburg",19357
1451517,"Karstädt","19294","Mecklenburg-Vorpommern",19294
1819623,"Karwitz","29481","Niedersachsen",29481
443580,"Kasbach-Ohlenberg","53547","Rheinland-Pfalz",53547
1163506,"Kaschenbach","54668","Rheinland-Pfalz",54668
540457,"Kasdorf","56357","Rheinland-Pfalz",56357
1256961,"Kasel","54317","Rheinland-Pfalz",54317
1389404,"Kasel-Golzig","15938","Brandenburg",15938
1022780,"Kasendorf","95359","Bayern",95359
1250674,"Käshofen","66894","Rheinland-Pfalz",66894
1466070,"Kasseburg","22929","Schleswig-Holstein",22929
382431,"Kasseedorf","23717","Schleswig-Holstein",23717
62598,"Kassel","34117","Hessen",34117
62598,"Kassel","34119","Hessen",34119
62598,"Kassel","34121","Hessen",34121
62598,"Kassel","34123","Hessen",34123
62598,"Kassel","34125","Hessen",34125
62598,"Kassel","34127","Hessen",34127
62598,"Kassel","34128","Hessen",34128
62598,"Kassel","34130","Hessen",34130
62598,"Kassel","34131","Hessen",34131
62598,"Kassel","34132","Hessen",34132
62598,"Kassel","34134","Hessen",34134
62598,"Kassel","34233","Hessen",34233
62598,"Kassel","34355","Hessen",34355
1963817,"Kassow","18258","Mecklenburg-Vorpommern",18258
1116484,"Kastellaun","56288","Rheinland-Pfalz",56288
1256027,"Kastel-Staadt","54441","Rheinland-Pfalz",54441
942033,"Kastl","84556","Bayern",84556
975239,"Kastl","95506","Bayern",95506
1028565,"Kastl","92280","Bayern",92280
1463296,"Kastorf","23847","Schleswig-Holstein",23847
1402695,"Katharinenheerd","25836","Schleswig-Holstein",25836
1397830,"Katlenburg-Lindau","37191","Niedersachsen",37191
430468,"Kattendorf","24568","Schleswig-Holstein",24568
1253984,"Katzenbach","67806","Rheinland-Pfalz",67806
539712,"Katzenelnbogen","56368","Rheinland-Pfalz",56368
1273281,"Katzhütte","98746","Thüringen",98746
1432695,"Katzow","17509","Mecklenburg-Vorpommern",17509
1186716,"Katzweiler","67734","Rheinland-Pfalz",67734
1075131,"Katzwinkel","54552","Rheinland-Pfalz",54552
421227,"Katzwinkel (Sieg)","57581","Rheinland-Pfalz",57581
539916,"Kaub","56349","Rheinland-Pfalz",56349
1277277,"Kauern","07554","Thüringen",7554
62349,"Kaufbeuren","87600","Bayern",87600
936640,"Kaufering","86916","Bayern",86916
1115036,"Kaufungen","34260","Hessen",34260
1273360,"Kaulsdorf","07338","Thüringen",7338
421924,"Kausen","57520","Rheinland-Pfalz",57520
422678,"Kayhude","23863","Schleswig-Holstein",23863
450111,"Kefenrod","63699","Hessen",63699
2394722,"Kefferhausen","37351","Thüringen",37351
452979,"Kehl","77694","Baden-Württemberg",77694
540458,"Kehlbach","56355","Rheinland-Pfalz",56355
2400595,"Kehmstedt","99752","Thüringen",99752
548044,"Kehrig","56729","Rheinland-Pfalz",56729
1241641,"Keidelheim","55471","Rheinland-Pfalz",55471
2179170,"Keila","07389","Thüringen",7389
1075155,"Kelberg","53539","Rheinland-Pfalz",53539
2397448,"Kelbra (Kyffhäuser)","06537","Sachsen-Anhalt",6537
956667,"Kelheim","93309","Bayern",93309
414796,"Kelkheim","65779","Hessen",65779
2813148,"Kella","37308","Thüringen",37308
1256080,"Kell am See","54427","Rheinland-Pfalz",54427
1244113,"Kellenbach","55606","Rheinland-Pfalz",55606
382427,"Kellenhusen","23746","Schleswig-Holstein",23746
450224,"Kellinghusen","25548","Schleswig-Holstein",25548
941079,"Kellmünz a.d.Iller","89293","Bayern",89293
444789,"Kelsterbach","65451","Hessen",65451
57840,"Keltern","75210","Baden-Württemberg",75210
1327713,"Kemberg","06901","Sachsen-Anhalt",6901
535687,"Kemmenau","56132","Rheinland-Pfalz",56132
1077565,"Kemmern","96164","Bayern",96164
975236,"Kemnath","95478","Bayern",95478
912077,"Kemnitz","17509","Mecklenburg-Vorpommern",17509
88725,"Kempen","47906","Nordrhein-Westfalen",47906
1050571,"Kempenich","56746","Rheinland-Pfalz",56746
1245129,"Kempfeld","55758","Rheinland-Pfalz",55758
62701,"Kempten (Allgäu)","87435","Bayern",87435
62701,"Kempten (Allgäu)","87437","Bayern",87437
62701,"Kempten (Allgäu)","87439","Bayern",87439
1255894,"Kenn","54344","Rheinland-Pfalz",54344
1427228,"Kentzlin","17111","Mecklenburg-Vorpommern",17111
1124273,"Kenzingen","79341","Baden-Württemberg",79341
374301,"Kenz-Küstrow","18314","Mecklenburg-Vorpommern",18314
1171884,"Keppeshausen","54673","Rheinland-Pfalz",54673
543123,"Kerben","56295","Rheinland-Pfalz",56295
168002,"Kerken","47647","Nordrhein-Westfalen",47647
401693,"Kernen im Remstal","71394","Baden-Württemberg",71394
168483,"Kerpen","50169","Nordrhein-Westfalen",50169
168483,"Kerpen","50170","Nordrhein-Westfalen",50170
168483,"Kerpen","50171","Nordrhein-Westfalen",50171
331029,"Kerpen (Eifel)","54578","Rheinland-Pfalz",54578
1076001,"Kerschenbach","54589","Rheinland-Pfalz",54589
1254496,"Kerzenheim","67304","Rheinland-Pfalz",67304
415722,"Kescheid","57632","Rheinland-Pfalz",57632
1113761,"Kesfeld","54619","Rheinland-Pfalz",54619
1021832,"Kesseling","53506","Rheinland-Pfalz",53506
1258360,"Kesten","54518","Rheinland-Pfalz",54518
539902,"Kestert","56348","Rheinland-Pfalz",56348
454166,"Ketsch","68775","Baden-Württemberg",68775
418892,"Kettenhausen","57612","Rheinland-Pfalz",57612
1248575,"Kettenheim","55234","Rheinland-Pfalz",55234
2013413,"Kettenkamp","49577","Niedersachsen",49577
958642,"Kettershausen","86498","Bayern",86498
548978,"Kettig","56220","Rheinland-Pfalz",56220
1240588,"Ketzin/Havel","14669","Brandenburg",14669
167982,"Kevelaer","47623","Nordrhein-Westfalen",47623
167982,"Kevelaer","47624","Nordrhein-Westfalen",47624
167982,"Kevelaer","47625","Nordrhein-Westfalen",47625
167982,"Kevelaer","47626","Nordrhein-Westfalen",47626
167982,"Kevelaer","47627","Nordrhein-Westfalen",47627
1113750,"Kickeshausen","54689","Rheinland-Pfalz",54689
447193,"Kiebitzreihe","25368","Schleswig-Holstein",25368
407658,"Kiedrich","65399","Hessen",65399
2190046,"Kiefersfelden","83088","Bayern",83088
27021,"Kiel","24103","Schleswig-Holstein",24103
27021,"Kiel","24105","Schleswig-Holstein",24105
27021,"Kiel","24106","Schleswig-Holstein",24106
27021,"Kiel","24107","Schleswig-Holstein",24107
27021,"Kiel","24109","Schleswig-Holstein",24109
27021,"Kiel","24111","Schleswig-Holstein",24111
27021,"Kiel","24113","Schleswig-Holstein",24113
27021,"Kiel","24114","Schleswig-Holstein",24114
27021,"Kiel","24116","Schleswig-Holstein",24116
27021,"Kiel","24118","Schleswig-Holstein",24118
27021,"Kiel","24143","Schleswig-Holstein",24143
27021,"Kiel","24145","Schleswig-Holstein",24145
27021,"Kiel","24146","Schleswig-Holstein",24146
27021,"Kiel","24147","Schleswig-Holstein",24147
27021,"Kiel","24148","Schleswig-Holstein",24148
27021,"Kiel","24149","Schleswig-Holstein",24149
27021,"Kiel","24159","Schleswig-Holstein",24159
941637,"Kienberg","83361","Bayern",83361
168557,"Kierspe","58566","Nordrhein-Westfalen",58566
57844,"Kieselbronn","75249","Baden-Württemberg",75249
1424156,"Kieve","17209","Mecklenburg-Vorpommern",17209
2857001,"Kiliansroda","99441","Thüringen",99441
2410093,"Kindelbrück","99638","Thüringen",99638
1249739,"Kindenheim","67271","Rheinland-Pfalz",67271
1258638,"Kinderbeuern","54538","Rheinland-Pfalz",54538
943546,"Kinding","85125","Bayern",85125
1253742,"Kindsbach","66862","Rheinland-Pfalz",66862
1258634,"Kinheim","54538","Rheinland-Pfalz",54538
933905,"Kinsau","86981","Bayern",86981
1113740,"Kinzenburg","54597","Rheinland-Pfalz",54597
943545,"Kipfenberg","85110","Bayern",85110
453011,"Kippenheim","77971","Baden-Württemberg",77971
451709,"Kirburg","57629","Rheinland-Pfalz",57629
941672,"Kirchanschöring","83329","Bayern",83329
941672,"Kirchanschöring","83417","Bayern",83417
410524,"Kirchardt","74912","Baden-Württemberg",74912
310394,"Kirchbarkau","24245","Schleswig-Holstein",24245
417711,"Kirchberg","08107","Sachsen",8107
899537,"Kirchberg","55481","Rheinland-Pfalz",55481
934753,"Kirchberg","84434","Bayern",84434
2801100,"Kirchberg an der Iller","88486","Baden-Württemberg",88486
388817,"Kirchberg an der Jagst","74592","Baden-Württemberg",74592
400933,"Kirchberg an der Murr","71737","Baden-Württemberg",71737
959157,"Kirchberg i.Wald","94259","Bayern",94259
2014378,"Kirchbrak","37619","Niedersachsen",37619
940709,"Kirchdorf","83527","Bayern",83527
956658,"Kirchdorf","93348","Bayern",93348
1675313,"Kirchdorf","27245","Niedersachsen",27245
957067,"Kirchdorf a.Inn","84375","Bayern",84375
30016,"Kirchdorf an der Amper","85414","Bayern",85414
2801148,"Kirchdorf an der Iller","88457","Baden-Württemberg",88457
959167,"Kirchdorf i.Wald","94261","Bayern",94261
1080457,"Kirchehrenbach","91356","Bayern",91356
418139,"Kircheib","57635","Rheinland-Pfalz",57635
1059430,"Kirchendemenreuth","92665","Bayern",92665
1022867,"Kirchenlamitz","95158","Bayern",95158
1070997,"Kirchenpingarten","95466","Bayern",95466
422321,"Kirchen (Sieg)","57548","Rheinland-Pfalz",57548
966143,"Kirchensittenbach","91241","Bayern",91241
2796987,"Kirchentellinsfurt","72138","Baden-Württemberg",72138
1059447,"Kirchenthumbach","91281","Bayern",91281
2395924,"Kirchgandern","37318","Thüringen",37318
1712797,"Kirchgellersen","21394","Niedersachsen",21394
225495,"Kirchhain","35274","Hessen",35274
958105,"Kirchham","94148","Bayern",94148
958257,"Kirchhaslach","87755","Bayern",87755
2903165,"Kirchheilingen","99947","Thüringen",99947
162339,"Kirchheim","97268","Bayern",97268
275108,"Kirchheim","36275","Hessen",36275
393583,"Kirchheim","99334","Thüringen",99334
405305,"Kirchheim am Neckar","74366","Baden-Württemberg",74366
915555,"Kirchheim am Ries","73467","Baden-Württemberg",73467
1249675,"Kirchheim an der Weinstraße","67281","Rheinland-Pfalz",67281
2168246,"Kirchheim bei München","85551","Bayern",85551
1254070,"Kirchheimbolanden","67292","Rheinland-Pfalz",67292
957744,"Kirchheim in Schwaben","87757","Bayern",87757
2793212,"Kirchheim unter Teck","73230","Baden-Württemberg",73230
163175,"Kirchhundem","57399","Nordrhein-Westfalen",57399
1451592,"Kirch Jesar","19230","Mecklenburg-Vorpommern",19230
388841,"Kirchlauter","96166","Bayern",96166
147448,"Kirchlengern","32278","Nordrhein-Westfalen",32278
1182705,"Kirchlinteln","27308","Niedersachsen",27308
394332,"Kirch Mulsow","18233","Mecklenburg-Vorpommern",18233
288959,"Kirchnüchel","23714","Schleswig-Holstein",23714
959655,"Kirchroth","94356","Bayern",94356
1021833,"Kirchsahr","53505","Rheinland-Pfalz",53505
2012322,"Kirchseelte","27243","Niedersachsen",27243
929919,"Kirchseeon","85614","Bayern",85614
1402694,"Kirchspiel Garding","25836","Schleswig-Holstein",25836
965610,"Kirchtimke","27412","Niedersachsen",27412
548045,"Kirchwald","56729","Rheinland-Pfalz",56729
965608,"Kirchwalsede","27386","Niedersachsen",27386
942117,"Kirchweidach","84558","Bayern",84558
949976,"Kirchweiler","54570","Rheinland-Pfalz",54570
2294495,"Kirchworbis","37339","Thüringen",37339
310540,"Kirchzarten","79199","Baden-Württemberg",79199
393470,"Kirchzell","63931","Bayern",63931
1256033,"Kirf","54441","Rheinland-Pfalz",54441
1184825,"Kirkel","66459","Saarland",66459
611085,"Kirn","55606","Rheinland-Pfalz",55606
1246769,"Kirrweiler","67744","Rheinland-Pfalz",67744
1252414,"Kirrweiler","67489","Rheinland-Pfalz",67489
1075141,"Kirsbach","53539","Rheinland-Pfalz",53539
2179171,"Kirschkau","07919","Thüringen",7919
1244151,"Kirschroth","55566","Rheinland-Pfalz",55566
1245144,"Kirschweiler","55743","Rheinland-Pfalz",55743
418325,"Kirtorf","36320","Hessen",36320
33211,"Kisdorf","24629","Schleswig-Holstein",24629
1241475,"Kisselbach","56291","Rheinland-Pfalz",56291
1432644,"Kissenbrück","38324","Niedersachsen",38324
161795,"Kissing","86438","Bayern",86438
2806740,"Kißlegg","88353","Baden-Württemberg",88353
163747,"Kist","97270","Bayern",97270
1427704,"Kittendorf","17153","Mecklenburg-Vorpommern",17153
1476163,"Kittlitz","23911","Schleswig-Holstein",23911
283610,"Kitzingen","97318","Bayern",97318
420482,"Kitzscher","04567","Sachsen",4567
288962,"Klamp","24321","Schleswig-Holstein",24321
1418656,"Klanxbüll","25924","Schleswig-Holstein",25924
1149336,"Klappholz","24860","Schleswig-Holstein",24860
371513,"Klausdorf","18445","Mecklenburg-Vorpommern",18445
1259130,"Klausen","54524","Rheinland-Pfalz",54524
935162,"Kleinaitingen","86507","Bayern",86507
310392,"Klein Barkau","24245","Schleswig-Holstein",24245
2395762,"Kleinbartloff","37355","Thüringen",37355
1958441,"Klein Belitz","18246","Mecklenburg-Vorpommern",18246
1157659,"Klein Bennebek","24848","Schleswig-Holstein",24848
1157659,"Klein Bennebek","24863","Schleswig-Holstein",24863
2007858,"Klein Berßen","49777","Niedersachsen",49777
454540,"Kleinblittersdorf","66271","Saarland",66271
2778381,"Kleinbockedra","07646","Thüringen",7646
2400596,"Kleinbodungen","99752","Thüringen",99752
2410094,"Kleinbrembach","99610","Thüringen",99610
1250673,"Kleinbundenbach","66501","Rheinland-Pfalz",66501
1433748,"Klein Bünzow","17390","Mecklenburg-Vorpommern",17390
2778382,"Kleinebersdorf","07646","Thüringen",7646
1244185,"Kleines Wiesental","79692","Baden-Württemberg",79692
2748639,"Kleineutersdorf","07768","Thüringen",7768
1252450,"Kleinfischlingen","67483","Rheinland-Pfalz",67483
2400497,"Kleinfurra","99735","Thüringen",99735
442913,"Klein Gladebrügge","23795","Schleswig-Holstein",23795
393501,"Kleinheubach","63924","Bayern",63924
1258372,"Kleinich","54483","Rheinland-Pfalz",54483
533991,"Kleinkahl","63828","Bayern",63828
410313,"Kleinkarlbach","67271","Rheinland-Pfalz",67271
1108058,"Kleinlangenfeld","54597","Rheinland-Pfalz",54597
283684,"Kleinlangheim","97355","Bayern",97355
447955,"Kleinmachnow","14532","Brandenburg",14532
444330,"Kleinmaischeid","56271","Rheinland-Pfalz",56271
1079026,"Klein Meckelsen","27419","Niedersachsen",27419
2411317,"Kleinmölsen","99198","Thüringen",99198
2410095,"Kleinneuhausen","99625","Thüringen",99625
422691,"Kleinniedesheim","67259","Rheinland-Pfalz",67259
443950,"Klein Nordende","25336","Schleswig-Holstein",25336
2856447,"Kleinobringen","99439","Thüringen",99439
443947,"Klein Offenseth-Sparrieshoop","25365","Schleswig-Holstein",25365
534351,"Kleinostheim","63801","Bayern",63801
1467512,"Klein Pampau","21514","Schleswig-Holstein",21514
1157541,"Klein Rheide","24848","Schleswig-Holstein",24848
163744,"Kleinrinderfeld","97271","Bayern",97271
1451562,"Klein Rogahn","19073","Mecklenburg-Vorpommern",19073
442932,"Klein Rönnau","23795","Schleswig-Holstein",23795
2857002,"Kleinschwabhausen","99441","Thüringen",99441
1080441,"Kleinsendelbach","91077","Bayern",91077
1250693,"Kleinsteinhausen","66484","Rheinland-Pfalz",66484
1444901,"Klein Trebbow","19069","Mecklenburg-Vorpommern",19069
1964777,"Klein Upahl","18276","Mecklenburg-Vorpommern",18276
1419598,"Klein Vielen","17237","Mecklenburg-Vorpommern",17237
395349,"Kleinwallstadt","63839","Bayern",63839
2874752,"Kleinwelsbach","99947","Thüringen",99947
532327,"Klein Wesenberg","23860","Schleswig-Holstein",23860
1245311,"Klein-Winternheim","55270","Rheinland-Pfalz",55270
550777,"Klein Wittensee","24361","Schleswig-Holstein",24361
1476156,"Klein Zecher","23883","Schleswig-Holstein",23883
1469215,"Klempau","23628","Schleswig-Holstein",23628
1295595,"Kleßen-Görne","14728","Brandenburg",14728
288957,"Kletkamp","24327","Schleswig-Holstein",24327
2857003,"Klettbach","99102","Thüringen",99102
1240391,"Klettgau","79771","Baden-Württemberg",79771
2902880,"Klettstedt","99955","Thüringen",99955
1427217,"Kletzin","17111","Mecklenburg-Vorpommern",17111
167966,"Kleve","47533","Nordrhein-Westfalen",47533
448557,"Kleve","25554","Schleswig-Holstein",25554
952228,"Kleve","25776","Schleswig-Holstein",25776
952228,"Kleve","25779","Schleswig-Holstein",25779
1269802,"Kliding","56825","Rheinland-Pfalz",56825
1284752,"Klietz","39524","Sachsen-Anhalt",39524
539704,"Klingelbach","56368","Rheinland-Pfalz",56368
2673574,"Klingenberg","01774","Sachsen",1774
394450,"Klingenberg am Main","63911","Bayern",63911
1252822,"Klingenmünster","76889","Rheinland-Pfalz",76889
443782,"Klingenthal","08248","Sachsen",8248
443782,"Klingenthal","08267","Sachsen",8267
1424299,"Klink","17192","Mecklenburg-Vorpommern",17192
1463295,"Klinkrade","23898","Schleswig-Holstein",23898
549805,"Klipphausen","01665","Sachsen",1665
1420393,"Klixbüll","25899","Schleswig-Holstein",25899
1424314,"Klocksin","17194","Mecklenburg-Vorpommern",17194
1241649,"Klosterkumbd","55469","Rheinland-Pfalz",55469
935173,"Klosterlechfeld","86836","Bayern",86836
533502,"Kloster Lehnin","14797","Brandenburg",14797
2409461,"Klostermansfeld","06308","Sachsen-Anhalt",6308
5818327,"Kloster Tempzin","19412","Mecklenburg-Vorpommern",19412
1273306,"Kloster Veßra","98660","Thüringen",98660
1259311,"Klotten","56818","Rheinland-Pfalz",56818
1285575,"Klötze","38486","Sachsen-Anhalt",38486
1245168,"Kludenbach","55481","Rheinland-Pfalz",55481
1438069,"Kluis","18569","Mecklenburg-Vorpommern",18569
2007907,"Kluse","26892","Niedersachsen",26892
1255899,"Klüsserath","54340","Rheinland-Pfalz",54340
1479631,"Klütz","23946","Mecklenburg-Vorpommern",23946
1479631,"Klütz","23948","Mecklenburg-Vorpommern",23948
2179172,"Knau","07389","Thüringen",7389
1444890,"Kneese","19205","Mecklenburg-Vorpommern",19205
1432629,"Kneitlingen","38170","Niedersachsen",38170
387772,"Knetzgau","97478","Bayern",97478
1250395,"Knittelsheim","76879","Rheinland-Pfalz",76879
156069,"Knittlingen","75438","Baden-Württemberg",75438
1250995,"Knopp-Labach","66917","Rheinland-Pfalz",66917
1252636,"Knöringen","76833","Rheinland-Pfalz",76833
1427691,"Knorrendorf","17091","Mecklenburg-Vorpommern",17091
452209,"Knüllwald","34593","Hessen",34593
454197,"Koberg","23881","Schleswig-Holstein",23881
546637,"Kobern-Gondorf","56330","Rheinland-Pfalz",56330
1410906,"Koblentz","17309","Mecklenburg-Vorpommern",17309
62512,"Koblenz","56068","Rheinland-Pfalz",56068
62512,"Koblenz","56070","Rheinland-Pfalz",56070
62512,"Koblenz","56072","Rheinland-Pfalz",56072
62512,"Koblenz","56073","Rheinland-Pfalz",56073
62512,"Koblenz","56075","Rheinland-Pfalz",56075
62512,"Koblenz","56076","Rheinland-Pfalz",56076
62512,"Koblenz","56077","Rheinland-Pfalz",56077
449936,"Kobrow","19406","Mecklenburg-Vorpommern",19406
935265,"Kochel am See","82431","Bayern",82431
935265,"Kochel am See","82432","Bayern",82432
2856450,"Ködderitzsch","99518","Thüringen",99518
1311140,"Kodersdorf","02923","Sachsen",2923
1021688,"Köditz","95189","Bayern",95189
1022760,"Ködnitz","95361","Bayern",95361
964625,"Köfering","93096","Bayern",93096
1451580,"Kogel","19246","Mecklenburg-Vorpommern",19246
1059460,"Kohlberg","92702","Bayern",92702
2796175,"Kohlberg","72664","Baden-Württemberg",72664
176740,"Köhn","24257","Schleswig-Holstein",24257
2168247,"Kolbermoor","83059","Bayern",83059
1231966,"Kolbingen","78600","Baden-Württemberg",78600
535014,"Kölbingen","56459","Rheinland-Pfalz",56459
1405169,"Koldenbüttel","25840","Schleswig-Holstein",25840
318308,"Kolitzheim","97509","Bayern",97509
1415598,"Kolkerheide","25862","Schleswig-Holstein",25862
1322843,"Kolkwitz","03099","Brandenburg",3099
2410096,"Kölleda","99625","Thüringen",99625
543124,"Kollig","56751","Rheinland-Pfalz",56751
447190,"Kollmar","25377","Schleswig-Holstein",25377
453328,"Kollmoor","25524","Schleswig-Holstein",25524
959176,"Kollnburg","94262","Bayern",94262
443949,"Kölln-Reisiek","25337","Schleswig-Holstein",25337
1469081,"Kollow","21527","Schleswig-Holstein",21527
1253796,"Kollweiler","66879","Rheinland-Pfalz",66879
62578,"Köln","50667","Nordrhein-Westfalen",50667
62578,"Köln","50668","Nordrhein-Westfalen",50668
62578,"Köln","50670","Nordrhein-Westfalen",50670
62578,"Köln","50672","Nordrhein-Westfalen",50672
62578,"Köln","50674","Nordrhein-Westfalen",50674
62578,"Köln","50676","Nordrhein-Westfalen",50676
62578,"Köln","50677","Nordrhein-Westfalen",50677
62578,"Köln","50678","Nordrhein-Westfalen",50678
62578,"Köln","50679","Nordrhein-Westfalen",50679
62578,"Köln","50733","Nordrhein-Westfalen",50733
62578,"Köln","50735","Nordrhein-Westfalen",50735
62578,"Köln","50737","Nordrhein-Westfalen",50737
62578,"Köln","50739","Nordrhein-Westfalen",50739
62578,"Köln","50765","Nordrhein-Westfalen",50765
62578,"Köln","50767","Nordrhein-Westfalen",50767
62578,"Köln","50769","Nordrhein-Westfalen",50769
62578,"Köln","50823","Nordrhein-Westfalen",50823
62578,"Köln","50825","Nordrhein-Westfalen",50825
62578,"Köln","50827","Nordrhein-Westfalen",50827
62578,"Köln","50829","Nordrhein-Westfalen",50829
62578,"Köln","50858","Nordrhein-Westfalen",50858
62578,"Köln","50859","Nordrhein-Westfalen",50859
62578,"Köln","50931","Nordrhein-Westfalen",50931
62578,"Köln","50933","Nordrhein-Westfalen",50933
62578,"Köln","50935","Nordrhein-Westfalen",50935
62578,"Köln","50937","Nordrhein-Westfalen",50937
62578,"Köln","50939","Nordrhein-Westfalen",50939
62578,"Köln","50968","Nordrhein-Westfalen",50968
62578,"Köln","50969","Nordrhein-Westfalen",50969
62578,"Köln","50996","Nordrhein-Westfalen",50996
62578,"Köln","50997","Nordrhein-Westfalen",50997
62578,"Köln","50999","Nordrhein-Westfalen",50999
62578,"Köln","51061","Nordrhein-Westfalen",51061
62578,"Köln","51063","Nordrhein-Westfalen",51063
62578,"Köln","51065","Nordrhein-Westfalen",51065
62578,"Köln","51067","Nordrhein-Westfalen",51067
62578,"Köln","51069","Nordrhein-Westfalen",51069
62578,"Köln","51103","Nordrhein-Westfalen",51103
62578,"Köln","51105","Nordrhein-Westfalen",51105
62578,"Köln","51107","Nordrhein-Westfalen",51107
62578,"Köln","51109","Nordrhein-Westfalen",51109
62578,"Köln","51143","Nordrhein-Westfalen",51143
62578,"Köln","51145","Nordrhein-Westfalen",51145
62578,"Köln","51147","Nordrhein-Westfalen",51147
62578,"Köln","51149","Nordrhein-Westfalen",51149
62578,"Köln","51467","Nordrhein-Westfalen",51467
1075150,"Kolverath","56767","Rheinland-Pfalz",56767
1258356,"Kommen","54472","Rheinland-Pfalz",54472
2792776,"Köngen","73257","Baden-Württemberg",73257
1245831,"Köngernheim","55278","Rheinland-Pfalz",55278
401804,"Königheim, Dr.-Bechtold-Str.","97953","Baden-Württemberg",97953
1244111,"Königsau","55606","Rheinland-Pfalz",55606
63058,"Königsbach-Stein","75203","Baden-Württemberg",75203
388845,"Königsberg in Bayern","97486","Bayern",97486
2792008,"Königsbronn","89551","Baden-Württemberg",89551
913783,"Königsbrück","01936","Sachsen",1936
935170,"Königsbrunn","86343","Bayern",86343
935160,"Königsdorf","82549","Bayern",82549
2666083,"Königsee-Rottenbach","07426","Thüringen",7426
2808133,"Königseggwald","88376","Baden-Württemberg",88376
414700,"Königsfeld","09306","Sachsen",9306
1050576,"Königsfeld","53426","Rheinland-Pfalz",53426
1077548,"Königsfeld","96167","Bayern",96167
1444873,"Königsfeld","19217","Mecklenburg-Vorpommern",19217
1242297,"Königsfeld im Schwarzwald","78126","Baden-Württemberg",78126
1311108,"Königshain","02829","Sachsen",2829
414484,"Königshain-Wiederau","09306","Sachsen",9306
1231970,"Königsheim","78598","Baden-Württemberg",78598
556653,"Königshügel","24799","Schleswig-Holstein",24799
1446661,"Königslutter am Elm","38154","Niedersachsen",38154
335195,"Königsmoor","21255","Niedersachsen",21255
943730,"Königsmoos","86669","Bayern",86669
418253,"Königstein","61462","Hessen",61462
534526,"Königstein","01824","Sachsen",1824
1028542,"Königstein","92281","Bayern",92281
536632,"Königswalde","09471","Sachsen",9471
1307708,"Königswartha","02699","Sachsen",2699
173113,"Königswinter","53639","Nordrhein-Westfalen",53639
55777,"Königs Wusterhausen","15711","Brandenburg",15711
55777,"Königs Wusterhausen","15712","Brandenburg",15712
55777,"Königs Wusterhausen","15713","Brandenburg",15713
1246585,"Konken","66871","Rheinland-Pfalz",66871
390045,"Könnern","06420","Sachsen-Anhalt",6420
968896,"Konnersreuth","95692","Bayern",95692
568493,"Konradsreuth","95176","Bayern",95176
2784842,"Konstanz","78462","Baden-Württemberg",78462
2784842,"Konstanz","78464","Baden-Württemberg",78464
2784842,"Konstanz","78465","Baden-Württemberg",78465
2784842,"Konstanz","78467","Baden-Württemberg",78467
1255968,"Konz","54329","Rheinland-Pfalz",54329
959636,"Konzell","94357","Bayern",94357
1074558,"Kopp","54574","Rheinland-Pfalz",54574
401698,"Korb","71404","Baden-Württemberg",71404
198578,"Korbach","34497","Hessen",34497
198578,"Korbach","34513","Hessen",34513
1246586,"Körborn","66871","Rheinland-Pfalz",66871
2531760,"Korbußen","07554","Thüringen",7554
1255895,"Kordel","54306","Rheinland-Pfalz",54306
539706,"Kördorf","56370","Rheinland-Pfalz",56370
452210,"Körle","34327","Hessen",34327
1256952,"Korlingen","54317","Rheinland-Pfalz",54317
1267867,"Körner","99998","Thüringen",99998
405811,"Korntal-Münchingen","70825","Baden-Württemberg",70825
405293,"Kornwestheim","70806","Baden-Württemberg",70806
1171873,"Körperich","54675","Rheinland-Pfalz",54675
168487,"Korschenbroich","41352","Nordrhein-Westfalen",41352
1433087,"Korswandt","17419","Mecklenburg-Vorpommern",17419
1204713,"Korweiler","56288","Rheinland-Pfalz",56288
943540,"Kösching","85092","Bayern",85092
557145,"Kosel","24354","Schleswig-Holstein",24354
1433089,"Koserow","17459","Mecklenburg-Vorpommern",17459
2179174,"Kospoda","07806","Thüringen",7806
958100,"Kößlarn","94149","Bayern",94149
454198,"Köthel","22929","Schleswig-Holstein",22929
1465975,"Köthel","22929","Schleswig-Holstein",22929
2090553,"Köthen (Anhalt)","06366","Sachsen-Anhalt",6366
2090553,"Köthen (Anhalt)","06369","Sachsen-Anhalt",6369
2090553,"Köthen (Anhalt)","06388","Sachsen-Anhalt",6388
1060438,"Kottenborn","53518","Rheinland-Pfalz",53518
548046,"Kottenheim","56736","Rheinland-Pfalz",56736
1075139,"Kötterichen","56767","Rheinland-Pfalz",56767
933545,"Kottgeisering","82288","Bayern",82288
2754880,"Kottmar","02708","Sachsen",2708
2754880,"Kottmar","02739","Sachsen",2739
1253802,"Kottweiler-Schwanden","66879","Rheinland-Pfalz",66879
964463,"Kötz","89359","Bayern",89359
1333695,"Kotzen","14715","Brandenburg",14715
1402693,"Kotzenbüll","25832","Schleswig-Holstein",25832
1260240,"Köwerich","54340","Rheinland-Pfalz",54340
1171857,"Koxhausen","54673","Rheinland-Pfalz",54673
418136,"Kraam","57635","Rheinland-Pfalz",57635
1407736,"Krackow","17322","Mecklenburg-Vorpommern",17322
1407736,"Krackow","17328","Mecklenburg-Vorpommern",17328
1407736,"Krackow","17329","Mecklenburg-Vorpommern",17329
970122,"Kradenbach","54552","Rheinland-Pfalz",54552
448112,"Kraftisried","87647","Bayern",87647
2787179,"Kraftsdorf","07586","Thüringen",7586
1250986,"Krähenberg","66894","Rheinland-Pfalz",66894
941066,"Kraiburg","84559","Bayern",84559
659843,"Kraichtal","76703","Baden-Württemberg",76703
932431,"Krailling","82152","Bayern",82152
932431,"Krailling","82349","Bayern",82349
2400597,"Kraja","99752","Thüringen",99752
1964778,"Krakow am See","18292","Mecklenburg-Vorpommern",18292
371492,"Kramerhof","18445","Mecklenburg-Vorpommern",18445
167957,"Kranenburg","47559","Nordrhein-Westfalen",47559
445731,"Kranenburg","21726","Niedersachsen",21726
2857004,"Kranichfeld","99448","Thüringen",99448
30010,"Kranzberg","85402","Bayern",85402
1419601,"Kratzeburg","17237","Mecklenburg-Vorpommern",17237
1182302,"Kratzenburg","56283","Rheinland-Pfalz",56283
2805975,"Krauchenwies","72505","Baden-Württemberg",72505
1311127,"Krauschwitz","02957","Sachsen",2957
1389279,"Krausnick-Groß Wasserburg","15910","Brandenburg",15910
1268971,"Krauthausen","99819","Thüringen",99819
376875,"Krautheim","74238","Baden-Württemberg",74238
2856448,"Krautheim","99439","Thüringen",99439
1113731,"Krautscheid","54673","Rheinland-Pfalz",54673
3409926,"Krayenberggemeinde","36460","Thüringen",36460
1311119,"Kreba-Neudorf","02906","Sachsen",2906
1399099,"Krebeck","37434","Niedersachsen",37434
62748,"Krefeld","47798","Nordrhein-Westfalen",47798
62748,"Krefeld","47799","Nordrhein-Westfalen",47799
62748,"Krefeld","47800","Nordrhein-Westfalen",47800
62748,"Krefeld","47802","Nordrhein-Westfalen",47802
62748,"Krefeld","47803","Nordrhein-Westfalen",47803
62748,"Krefeld","47804","Nordrhein-Westfalen",47804
62748,"Krefeld","47805","Nordrhein-Westfalen",47805
62748,"Krefeld","47807","Nordrhein-Westfalen",47807
62748,"Krefeld","47809","Nordrhein-Westfalen",47809
62748,"Krefeld","47829","Nordrhein-Westfalen",47829
62748,"Krefeld","47839","Nordrhein-Westfalen",47839
449880,"Kreien","19386","Mecklenburg-Vorpommern",19386
1246673,"Kreimbach-Kaulbach","67757","Rheinland-Pfalz",67757
455482,"Kreischa","01731","Sachsen",1731
1444917,"Krembz","19205","Mecklenburg-Vorpommern",19205
1303471,"Kremitzaue","04916","Brandenburg",4916
1303471,"Kremitzaue","04936","Brandenburg",4936
1310104,"Kremmen","16766","Brandenburg",16766
1451599,"Kremmin","19300","Mecklenburg-Vorpommern",19300
447198,"Krempdorf","25361","Schleswig-Holstein",25361
447198,"Krempdorf","25376","Schleswig-Holstein",25376
447314,"Krempe","25361","Schleswig-Holstein",25361
952215,"Krempel","25774","Schleswig-Holstein",25774
447348,"Kremperheide","25569","Schleswig-Holstein",25569
447347,"Krempermoor","25569","Schleswig-Holstein",25569
442919,"Krems II","23827","Schleswig-Holstein",23827
390788,"Kreßberg","74594","Baden-Württemberg",74594
2783738,"Kressbronn am Bodensee","88079","Baden-Württemberg",88079
544321,"Kretz","56630","Rheinland-Pfalz",56630
2404547,"Kretzschau","06712","Sachsen-Anhalt",6712
935952,"Kreuth","83708","Bayern",83708
163314,"Kreuzau","52372","Nordrhein-Westfalen",52372
2394946,"Kreuzebra","37351","Thüringen",37351
163254,"Kreuztal","57223","Nordrhein-Westfalen",57223
336534,"Kreuzwertheim","97892","Bayern",97892
1186688,"Krickenbach","67706","Rheinland-Pfalz",67706
2778479,"Kriebitzsch","04617","Thüringen",4617
403127,"Kriebstein","09648","Sachsen",9648
1254057,"Kriegsfeld","67819","Rheinland-Pfalz",67819
1432553,"Krien","17391","Mecklenburg-Vorpommern",17391
1427903,"Kriesow","17091","Mecklenburg-Vorpommern",17091
414746,"Kriftel","65830","Hessen",65830
394344,"Kritzmow","18198","Mecklenburg-Vorpommern",18198
449882,"Kritzow","19386","Mecklenburg-Vorpommern",19386
553542,"Krogaspe","24644","Schleswig-Holstein",24644
251070,"Krokau","24217","Schleswig-Holstein",24217
2179175,"Krölpa","07387","Thüringen",7387
534002,"Krombach","63829","Bayern",63829
2813121,"Krombach","37308","Thüringen",37308
2856449,"Kromsdorf","99441","Thüringen",99441
1021756,"Kronach","96317","Bayern",96317
659805,"Kronau","76709","Baden-Württemberg",76709
418112,"Kronberg","61476","Hessen",61476
958689,"Kronburg","87758","Bayern",87758
191351,"Kröning","84178","Bayern",84178
935302,"Kronprinzenkoog","25709","Schleswig-Holstein",25709
1145088,"Kronsgaard","24395","Schleswig-Holstein",24395
554770,"Kronshagen","24119","Schleswig-Holstein",24119
450521,"Kronsmoor","25597","Schleswig-Holstein",25597
1244315,"Kronweiler","55767","Rheinland-Pfalz",55767
394329,"Kröpelin","18236","Mecklenburg-Vorpommern",18236
1187306,"Kropp","24848","Schleswig-Holstein",24848
453162,"Kroppach","57612","Rheinland-Pfalz",57612
158674,"Kröppelshagen-Fahrendorf","21039","Schleswig-Holstein",21039
158674,"Kröppelshagen-Fahrendorf","21529","Schleswig-Holstein",21529
1314283,"Kroppen","01945","Brandenburg",1945
1251155,"Kröppen","66957","Rheinland-Pfalz",66957
1286643,"Kroppenstedt","39397","Sachsen-Anhalt",39397
1432700,"Kröslin","17440","Mecklenburg-Vorpommern",17440
445990,"Krostitz","04509","Sachsen",4509
1246491,"Krottelbach","66909","Rheinland-Pfalz",66909
1258632,"Kröv","54536","Rheinland-Pfalz",54536
1171846,"Kruchten","54675","Rheinland-Pfalz",54675
1427538,"Kruckow","17129","Mecklenburg-Vorpommern",17129
544322,"Kruft","56642","Rheinland-Pfalz",56642
1410889,"Krugsdorf","17309","Mecklenburg-Vorpommern",17309
1469087,"Krukow","21483","Schleswig-Holstein",21483
444105,"Krumbach (Schwaben)","86381","Bayern",86381
165897,"Krummbek","24217","Schleswig-Holstein",24217
533586,"Krümmel","56244","Rheinland-Pfalz",56244
1245099,"Krummenau","55483","Rheinland-Pfalz",55483
446466,"Krummendeich","21732","Niedersachsen",21732
448545,"Krummendiek","25554","Schleswig-Holstein",25554
975237,"Krummennaab","92703","Bayern",92703
1463075,"Krummesse","23628","Schleswig-Holstein",23628
898636,"Krummhörn","26736","Niedersachsen",26736
1432371,"Krummin","17440","Mecklenburg-Vorpommern",17440
548500,"Krummwisch","24796","Schleswig-Holstein",24796
418260,"Krumstedt","25727","Schleswig-Holstein",25727
939340,"Krün","82467","Bayern",82467
939340,"Krün","82493","Bayern",82493
939340,"Krün","82494","Bayern",82494
415006,"Krunkel","56593","Rheinland-Pfalz",56593
1432554,"Krusenfelde","17391","Mecklenburg-Vorpommern",17391
1515587,"Krusenhagen","23974","Mecklenburg-Vorpommern",23974
1469079,"Krüzen","21483","Schleswig-Holstein",21483
1419912,"Kublank","17349","Mecklenburg-Vorpommern",17349
1309658,"Kubschütz","02627","Sachsen",2627
1965799,"Kuchelmiß","18292","Mecklenburg-Vorpommern",18292
2772186,"Kuchen","73329","Baden-Württemberg",73329
2000657,"Kuckssee","17217","Mecklenburg-Vorpommern",17217
1466068,"Kuddewörde","22958","Schleswig-Holstein",22958
943943,"Kuden","25712","Schleswig-Holstein",25712
448013,"Kudensee","25572","Schleswig-Holstein",25572
1250427,"Kuhardt","76773","Rheinland-Pfalz",76773
161966,"Kühbach","86556","Bayern",86556
2792761,"Kühdorf","07980","Thüringen",7980
1285600,"Kuhfelde","29416","Sachsen-Anhalt",29416
445850,"Kühlenthal","86707","Bayern",86707
449948,"Kuhlen-Wendorf","19412","Mecklenburg-Vorpommern",19412
394350,"Kühlungsborn","18225","Mecklenburg-Vorpommern",18225
2828163,"Kühndorf","98547","Thüringen",98547
534481,"Kuhnhöfen","56244","Rheinland-Pfalz",56244
310398,"Kühren","24211","Schleswig-Holstein",24211
1976640,"Kuhs","18276","Mecklenburg-Vorpommern",18276
1464848,"Kühsen","23898","Schleswig-Holstein",23898
1451507,"Kuhstorf","19230","Mecklenburg-Vorpommern",19230
422748,"Kükels","23829","Schleswig-Holstein",23829
2515183,"Küllstedt","37359","Thüringen",37359
975286,"Kulmain","95508","Bayern",95508
1022764,"Kulmbach","95326","Bayern",95326
1022764,"Kulmbach","96369","Bayern",96369
1470174,"Kulpin","23911","Schleswig-Holstein",23911
401803,"Külsheim","97900","Baden-Württemberg",97900
1241642,"Külz (Hunsrück)","55471","Rheinland-Pfalz",55471
1241625,"Kümbdchen","55471","Rheinland-Pfalz",55471
191258,"Kumhausen","84036","Bayern",84036
443359,"Kummerfeld","25495","Schleswig-Holstein",25495
1289790,"Kümmernitztal","16945","Brandenburg",16945
374182,"Kummerow","18442","Mecklenburg-Vorpommern",18442
1427278,"Kummerow","17139","Mecklenburg-Vorpommern",17139
1028540,"Kümmersbruck","92245","Bayern",92245
453163,"Kundert","57629","Rheinland-Pfalz",57629
1080504,"Kunreuth","91358","Bayern",91358
454880,"Künzell","36093","Hessen",36093
362660,"Künzelsau","74653","Baden-Württemberg",74653
959819,"Künzing","94550","Bayern",94550
1022776,"Kupferberg","95362","Bayern",95362
374448,"Kupferzell","74635","Baden-Württemberg",74635
907229,"Kuppenheim","76456","Baden-Württemberg",76456
1021760,"Küps","96328","Bayern",96328
182347,"Kürnach","97273","Bayern",97273
659841,"Kürnbach","75057","Baden-Württemberg",75057
173105,"Kürten","51515","Nordrhein-Westfalen",51515
444706,"Kurtscheid","56581","Rheinland-Pfalz",56581
1246590,"Kusel","66869","Rheinland-Pfalz",66869
2786236,"Küssaberg","79790","Baden-Württemberg",79790
1818752,"Küsten","29482","Niedersachsen",29482
2778683,"Kusterdingen","72127","Baden-Württemberg",72127
2778683,"Kusterdingen","72138","Baden-Württemberg",72138
1332925,"Küstriner Vorland","15328","Brandenburg",15328
445805,"Kutenholz","27449","Niedersachsen",27449
452560,"Kutzenhausen","86500","Bayern",86500
2903166,"Kutzleben","99955","Thüringen",99955
2388706,"Kyffhäuserland","99707","Thüringen",99707
1140564,"Kyllburg","54655","Rheinland-Pfalz",54655
1140571,"Kyllburgweiler","54655","Rheinland-Pfalz",54655
1302369,"Kyritz","16866","Brandenburg",16866
965015,"Laaber","93164","Bayern",93164
1971865,"Laage","18299","Mecklenburg-Vorpommern",18299
2014214,"Laar","49824","Niedersachsen",49824
2778383,"Laasdorf","07646","Thüringen",7646
2012733,"Laatzen","30880","Niedersachsen",30880
1469171,"Labenz","23898","Schleswig-Holstein",23898
959651,"Laberweinting","84082","Bayern",84082
288261,"Laboe","24235","Schleswig-Holstein",24235
958670,"Lachen","87760","Bayern",87760
1797686,"Lachendorf","29331","Niedersachsen",29331
155443,"Ladbergen","49549","Nordrhein-Westfalen",49549
1417212,"Ladelund","25926","Schleswig-Holstein",25926
454172,"Ladenburg","68526","Baden-Württemberg",68526
155782,"Laer","48366","Nordrhein-Westfalen",48366
142650,"Lage","32791","Nordrhein-Westfalen",32791
2014148,"Lage","49828","Niedersachsen",49828
450520,"Lägerdorf","25566","Schleswig-Holstein",25566
1748594,"Lähden","49774","Niedersachsen",49774
2007807,"Lahn","49757","Niedersachsen",49757
215979,"Lahnau","35633","Hessen",35633
450079,"Lahnstein","56112","Rheinland-Pfalz",56112
450079,"Lahnstein","56130","Rheinland-Pfalz",56130
225489,"Lahntal","35094","Hessen",35094
1171879,"Lahr","54675","Rheinland-Pfalz",54675
1266505,"Lahr","56288","Rheinland-Pfalz",56288
453002,"Lahr/Schwarzwald","77933","Baden-Württemberg",77933
2788066,"Laichingen","89150","Baden-Württemberg",89150
1976641,"Lalendorf","18279","Mecklenburg-Vorpommern",18279
959807,"Lalling","94551","Bayern",94551
959923,"Lam","93462","Bayern",93462
1113764,"Lambertsberg","54649","Rheinland-Pfalz",54649
1252333,"Lambrecht","67466","Rheinland-Pfalz",67466
394345,"Lambrechtshagen","18069","Mecklenburg-Vorpommern",18069
1253812,"Lambsborn","66894","Rheinland-Pfalz",66894
418408,"Lambsheim","67245","Rheinland-Pfalz",67245
442781,"Lamerdingen","86862","Bayern",86862
289961,"Lammershagen","24238","Schleswig-Holstein",24238
1256085,"Lampaden","54316","Rheinland-Pfalz",54316
537050,"Lampertheim","68623","Hessen",68623
551154,"Lampertswalde","01561","Sachsen",1561
6681691,"Lamspringe","31195","Niedersachsen",31195
445757,"Lamstedt","21769","Niedersachsen",21769
1437798,"Lancken-Granitz","18586","Mecklenburg-Vorpommern",18586
959908,"Landau an der Isar","94405","Bayern",94405
62391,"Landau in der Pfalz","76829","Rheinland-Pfalz",76829
964241,"Landensberg","89361","Bayern",89361
1183254,"Landesbergen","31628","Niedersachsen",31628
1259832,"Landkern","56814","Rheinland-Pfalz",56814
1399093,"Landolfshausen","37136","Niedersachsen",37136
448711,"Landrecht","25554","Schleswig-Holstein",25554
2407132,"Landsberg","06188","Sachsen-Anhalt",6188
932270,"Landsberg am Lech","86899","Bayern",86899
932270,"Landsberg am Lech","86932","Bayern",86932
933536,"Landsberied","82290","Bayern",82290
1259141,"Landscheid","54526","Rheinland-Pfalz",54526
448014,"Landscheide","25572","Schleswig-Holstein",25572
62484,"Landshut","84028","Bayern",84028
62484,"Landshut","84030","Bayern",84030
62484,"Landshut","84032","Bayern",84032
62484,"Landshut","84034","Bayern",84034
62484,"Landshut","84036","Bayern",84036
1185519,"Landstuhl","66849","Rheinland-Pfalz",66849
1149286,"Langballig","24977","Schleswig-Holstein",24977
959168,"Langdorf","94264","Bayern",94264
444155,"Langeln","25485","Schleswig-Holstein",25485
1421446,"Langelsheim","38685","Niedersachsen",38685
659752,"Langen","63225","Hessen",63225
2006835,"Langen","49838","Niedersachsen",49838
1015142,"Langenaltheim","91799","Bayern",91799
2783823,"Langenargen","88085","Baden-Württemberg",88085
937642,"Langenau","89129","Baden-Württemberg",89129
29997,"Langenbach","85416","Bayern",85416
1246485,"Langenbach","66909","Rheinland-Pfalz",66909
451710,"Langenbach bei Kirburg","57520","Rheinland-Pfalz",57520
78566,"Langenberg","33449","Nordrhein-Westfalen",33449
417075,"Langenbernsdorf","08428","Sachsen",8428
409710,"Langenbrettach","74243","Baden-Württemberg",74243
449951,"Langen Brütz","19067","Mecklenburg-Vorpommern",19067
387626,"Langenburg","74595","Baden-Württemberg",74595
1821776,"Langendorf","29484","Niedersachsen",29484
2802284,"Langenenslingen","88515","Baden-Württemberg",88515
1420553,"Langeneß","25863","Schleswig-Holstein",25863
1420553,"Langeneß","25867","Schleswig-Holstein",25867
357012,"Langenfeld","91474","Bayern",91474
548047,"Langenfeld","56729","Rheinland-Pfalz",56729
66578,"Langenfeld (Rheinland)","40764","Nordrhein-Westfalen",40764
59415,"Langenhagen","30669","Niedersachsen",30669
59415,"Langenhagen","30851","Niedersachsen",30851
59415,"Langenhagen","30853","Niedersachsen",30853
59415,"Langenhagen","30855","Niedersachsen",30855
535015,"Langenhahn","56459","Rheinland-Pfalz",56459
1416813,"Langenhorn","25842","Schleswig-Holstein",25842
1476084,"Langenlehsten","21514","Schleswig-Holstein",21514
2778480,"Langenleuba-Niederhain","04618","Thüringen",4618
1244001,"Langenlonsheim","55450","Rheinland-Pfalz",55450
943729,"Langenmosen","86571","Bayern",86571
935164,"Langenneufnach","86863","Bayern",86863
2179181,"Langenorla","07381","Thüringen",7381
60988,"Langenpreising","85465","Bayern",85465
537202,"Langenscheid","65558","Rheinland-Pfalz",65558
535898,"Langenselbold","63505","Hessen",63505
1080449,"Langensendelbach","91094","Bayern",91094
1244157,"Langenthal","55569","Rheinland-Pfalz",55569
417706,"Langenweißbach","08134","Sachsen",8134
2787453,"Langenwetzendorf","07957","Thüringen",7957
2779190,"Langenwolschendorf","07937","Thüringen",7937
1016398,"Langenzenn","90579","Bayern",90579
1187509,"Langeoog","26465","Niedersachsen",26465
935171,"Langerringen","86853","Bayern",86853
162550,"Langerwehe","52379","Nordrhein-Westfalen",52379
1384822,"Langewahl","15518","Brandenburg",15518
165441,"Langewiesen","98704","Thüringen",98704
534182,"Langfurth","91731","Bayern",91731
418619,"Langgöns","35428","Hessen",35428
1797623,"Langlingen","29364","Niedersachsen",29364
956648,"Langquaid","84085","Bayern",84085
548048,"Langscheid","56729","Rheinland-Pfalz",56729
1156128,"Langstedt","24852","Schleswig-Holstein",24852
1255907,"Langsur","54308","Rheinland-Pfalz",54308
548549,"Langwedel","24631","Schleswig-Holstein",24631
1183487,"Langwedel","27299","Niedersachsen",27299
445871,"Langweid am Lech","86462","Bayern",86462
1245141,"Langweiler","55758","Rheinland-Pfalz",55758
1246762,"Langweiler","67746","Rheinland-Pfalz",67746
1253815,"Langwieden","66894","Rheinland-Pfalz",66894
2402524,"Lanitz-Hassel-Tal","06628","Sachsen-Anhalt",6628
1471101,"Lankau","23881","Schleswig-Holstein",23881
1289798,"Lanz","19309","Brandenburg",19309
1469080,"Lanze","21483","Schleswig-Holstein",21483
965014,"Lappersdorf","93138","Bayern",93138
1424154,"Lärz","17248","Mecklenburg-Vorpommern",17248
453745,"Lasbek","23847","Schleswig-Holstein",23847
1113753,"Lascheid","54597","Rheinland-Pfalz",54597
1108048,"Lasel","54612","Rheinland-Pfalz",54612
1432364,"Lassan","17440","Mecklenburg-Vorpommern",17440
1101320,"Lastrup","49688","Niedersachsen",49688
423150,"Latendorf","24598","Schleswig-Holstein",24598
2010626,"Lathen","49762","Niedersachsen",49762
418614,"Laubach","35321","Hessen",35321
1241632,"Laubach","56288","Rheinland-Pfalz",56288
1259827,"Laubach","56759","Rheinland-Pfalz",56759
957647,"Lauben","87493","Bayern",87493
958249,"Lauben","87761","Bayern",87761
1244002,"Laubenheim","55452","Rheinland-Pfalz",55452
2402461,"Laucha an der Unstrut","06636","Sachsen-Anhalt",6636
1314225,"Lauchhammer","01979","Brandenburg",1979
915557,"Lauchheim","73466","Baden-Württemberg",73466
2785748,"Lauchringen","79787","Baden-Württemberg",79787
402684,"Lauda-Königshofen","97922","Baden-Württemberg",97922
454177,"Laudenbach","69514","Baden-Württemberg",69514
3340419,"Laudenbach","63925","Bayern",63925
1190009,"Laudert","56291","Rheinland-Pfalz",56291
1182395,"Lauenau","31867","Niedersachsen",31867
357090,"Lauenbrück","27389","Niedersachsen",27389
1469078,"Lauenburg/Elbe","21481","Schleswig-Holstein",21481
1184651,"Lauenförde","37697","Niedersachsen",37697
1169408,"Lauenhagen","31714","Niedersachsen",31714
452974,"Lauf","77886","Baden-Württemberg",77886
379885,"Laufach","63846","Bayern",63846
163109,"Lauf an der Pegnitz","91207","Bayern",91207
1258867,"Laufeld","54533","Rheinland-Pfalz",54533
960544,"Laufen","83410","Bayern",83410
2786292,"Laufenburg (Baden)","79725","Baden-Württemberg",79725
1245183,"Laufersweiler","55487","Rheinland-Pfalz",55487
410498,"Lauffen am Neckar","74348","Baden-Württemberg",74348
956878,"Laugna","86502","Bayern",86502
956771,"Lauingen (Donau)","89415","Bayern",89415
1249737,"Laumersheim","67229","Rheinland-Pfalz",67229
1113743,"Lauperath","54649","Rheinland-Pfalz",54649
2801021,"Laupheim","88471","Baden-Württemberg",88471
537203,"Laurenburg","56379","Rheinland-Pfalz",56379
1273183,"Lauscha","98724","Thüringen",98724
1244165,"Lauschied","55568","Rheinland-Pfalz",55568
2179182,"Lausnitz","07806","Thüringen",7806
446697,"Laußig","04838","Sachsen",4838
446697,"Laußig","04849","Sachsen",4849
913785,"Laußnitz","01936","Sachsen",1936
1309583,"Lauta","02991","Sachsen",2991
452984,"Lautenbach","77794","Baden-Württemberg",77794
1077531,"Lauter","96169","Bayern",96169
2803464,"Lauterach","89584","Baden-Württemberg",89584
418333,"Lauterbach","36341","Hessen",36341
943742,"Lauterbach","78730","Baden-Württemberg",78730
2899668,"Lauterbach","99826","Thüringen",99826
2678595,"Lauter-Bernsbach","08315","Sachsen",8315
1246766,"Lauterecken","67742","Rheinland-Pfalz",67742
1028820,"Lauterhofen","92283","Bayern",92283
1254391,"Lautersheim","67308","Rheinland-Pfalz",67308
911135,"Lauterstein","73111","Baden-Württemberg",73111
540459,"Lautert","56355","Rheinland-Pfalz",56355
418336,"Lautertal","36369","Hessen",36369
537057,"Lautertal","64686","Hessen",64686
956807,"Lautertal","96486","Bayern",96486
958687,"Lautrach","87763","Bayern",87763
451711,"Lautzenbrücken","56472","Rheinland-Pfalz",56472
1245182,"Lautzenhausen","55483","Rheinland-Pfalz",55483
1311097,"Lawalde","02708","Sachsen",2708
1384823,"Lawitz","15898","Brandenburg",15898
1184559,"Lebach","66822","Saarland",66822
310386,"Lebrade","24306","Schleswig-Holstein",24306
1332907,"Lebus","15326","Brandenburg",15326
1303814,"Lebusa","04936","Brandenburg",4936
448301,"Lechbruck a.See","86983","Bayern",86983
1417213,"Leck","25917","Schleswig-Holstein",25917
2477120,"Lederhose","07589","Thüringen",7589
1310092,"Leegebruch","16767","Brandenburg",16767
1106875,"Leer","26789","Niedersachsen",26789
1183264,"Leese","31633","Niedersachsen",31633
898640,"Leezdorf","26529","Niedersachsen",26529
422747,"Leezen","23816","Schleswig-Holstein",23816
449941,"Leezen","19067","Mecklenburg-Vorpommern",19067
958684,"Legau","87764","Bayern",87764
162875,"Legden","48739","Nordrhein-Westfalen",48739
1289793,"Legde/Quitzöbel","19336","Brandenburg",19336
949859,"Lehe","25774","Schleswig-Holstein",25774
949859,"Lehe","25776","Schleswig-Holstein",25776
2007901,"Lehe","26892","Niedersachsen",26892
1273252,"Lehesten","07349","Thüringen",7349
2778384,"Lehesten","07778","Thüringen",7778
546640,"Lehmen","56332","Rheinland-Pfalz",56332
310383,"Lehmkuhlen","24211","Schleswig-Holstein",24211
1473801,"Lehmrade","23883","Schleswig-Holstein",23883
2857005,"Lehnstedt","99441","Thüringen",99441
534269,"Lehrberg","91611","Bayern",91611
1446638,"Lehre","38165","Niedersachsen",38165
410488,"Lehrensteinsfeld","74251","Baden-Württemberg",74251
1184255,"Lehrte","31275","Niedersachsen",31275
2805753,"Leibertingen","88637","Baden-Württemberg",88637
959654,"Leiblfing","94339","Bayern",94339
173095,"Leichlingen","42799","Nordrhein-Westfalen",42799
1113735,"Leidenborn","54619","Rheinland-Pfalz",54619
395350,"Leidersbach","63849","Bayern",63849
1259834,"Leienkaul","56759","Rheinland-Pfalz",56759
1374990,"Leiferde","38542","Niedersachsen",38542
1060437,"Leimbach","53518","Rheinland-Pfalz",53518
1171869,"Leimbach","54673","Rheinland-Pfalz",54673
2874390,"Leimbach","36433","Thüringen",36433
453397,"Leimen","69181","Baden-Württemberg",69181
1251058,"Leimen","66978","Rheinland-Pfalz",66978
1250449,"Leimersheim","76774","Rheinland-Pfalz",76774
181149,"Leinach","97274","Bayern",97274
2816395,"Leinatal","99894","Thüringen",99894
65151,"Leinburg","91227","Bayern",91227
2393608,"Leinefelde-Worbis","37327","Thüringen",37327
2393608,"Leinefelde-Worbis","37339","Thüringen",37339
2796536,"Leinfelden-Echterdingen","70771","Baden-Württemberg",70771
410502,"Leingarten","74211","Baden-Württemberg",74211
1182313,"Leiningen","56291","Rheinland-Pfalz",56291
1252723,"Leinsweiler","76829","Rheinland-Pfalz",76829
915436,"Leinzell","73575","Baden-Württemberg",73575
964466,"Leipheim","89340","Bayern",89340
62649,"Leipzig","04103","Sachsen",4103
62649,"Leipzig","04105","Sachsen",4105
62649,"Leipzig","04107","Sachsen",4107
62649,"Leipzig","04109","Sachsen",4109
62649,"Leipzig","04129","Sachsen",4129
62649,"Leipzig","04155","Sachsen",4155
62649,"Leipzig","04157","Sachsen",4157
62649,"Leipzig","04158","Sachsen",4158
62649,"Leipzig","04159","Sachsen",4159
62649,"Leipzig","04177","Sachsen",4177
62649,"Leipzig","04178","Sachsen",4178
62649,"Leipzig","04179","Sachsen",4179
62649,"Leipzig","04205","Sachsen",4205
62649,"Leipzig","04207","Sachsen",4207
62649,"Leipzig","04209","Sachsen",4209
62649,"Leipzig","04229","Sachsen",4229
62649,"Leipzig","04249","Sachsen",4249
62649,"Leipzig","04275","Sachsen",4275
62649,"Leipzig","04277","Sachsen",4277
62649,"Leipzig","04279","Sachsen",4279
62649,"Leipzig","04288","Sachsen",4288
62649,"Leipzig","04289","Sachsen",4289
62649,"Leipzig","04299","Sachsen",4299
62649,"Leipzig","04315","Sachsen",4315
62649,"Leipzig","04316","Sachsen",4316
62649,"Leipzig","04317","Sachsen",4317
62649,"Leipzig","04318","Sachsen",4318
62649,"Leipzig","04319","Sachsen",4319
62649,"Leipzig","04328","Sachsen",4328
62649,"Leipzig","04329","Sachsen",4329
62649,"Leipzig","04347","Sachsen",4347
62649,"Leipzig","04349","Sachsen",4349
62649,"Leipzig","04356","Sachsen",4356
62649,"Leipzig","04357","Sachsen",4357
1244323,"Leisel","55767","Rheinland-Pfalz",55767
415408,"Leisnig","04703","Sachsen",4703
1245064,"Leitzweiler","55779","Rheinland-Pfalz",55779
1255918,"Leiwen","54340","Rheinland-Pfalz",54340
1424141,"Leizen","17209","Mecklenburg-Vorpommern",17209
2020635,"Lelkendorf","17168","Mecklenburg-Vorpommern",17168
1251149,"Lemberg","66969","Rheinland-Pfalz",66969
1380343,"Lembruch","49459","Niedersachsen",49459
1380342,"Lemförde","49448","Niedersachsen",49448
142624,"Lemgo","32657","Nordrhein-Westfalen",32657
1821903,"Lemgow","29485","Niedersachsen",29485
2179186,"Lemnitz","07819","Thüringen",7819
532786,"Lemwerder","27809","Niedersachsen",27809
934749,"Lengdorf","84435","Bayern",84435
152397,"Lengede","38268","Niedersachsen",38268
1079018,"Lengenbostel","27419","Niedersachsen",27419
446587,"Lengenfeld","08485","Sachsen",8485
448309,"Lengenwang","87663","Bayern",87663
155441,"Lengerich","49525","Nordrhein-Westfalen",49525
1815349,"Lengerich","49838","Niedersachsen",49838
1273307,"Lengfeld","98660","Thüringen",98660
935242,"Lenggries","83661","Bayern",83661
2014100,"Lenne","37627","Niedersachsen",37627
1891508,"Lennestadt","57368","Nordrhein-Westfalen",57368
2795564,"Lenningen","73252","Baden-Württemberg",73252
2795564,"Lenningen","73266","Baden-Württemberg",73266
382411,"Lensahn","23738","Schleswig-Holstein",23738
2396105,"Lenterode","37318","Thüringen",37318
423182,"Lentföhrden","24632","Schleswig-Holstein",24632
423182,"Lentföhrden","24640","Schleswig-Holstein",24640
943556,"Lenting","85101","Bayern",85101
1289788,"Lenzen (Elbe)","19309","Brandenburg",19309
1289803,"Lenzerwische","19309","Brandenburg",19309
317630,"Lenzkirch","79853","Baden-Württemberg",79853
722150,"Leonberg","71229","Baden-Württemberg",71229
975238,"Leonberg","95666","Bayern",95666
1408064,"Leopoldshagen","17375","Mecklenburg-Vorpommern",17375
142651,"Leopoldshöhe","33818","Nordrhein-Westfalen",33818
1332922,"Letschin","15324","Brandenburg",15324
1244065,"Lettweiler","67823","Rheinland-Pfalz",67823
416475,"Leubsdorf","09573","Sachsen",9573
443577,"Leubsdorf","53547","Rheinland-Pfalz",53547
1059428,"Leuchtenberg","92705","Bayern",92705
215981,"Leun","35638","Hessen",35638
2405941,"Leuna","06237","Sachsen-Anhalt",6237
1021697,"Leupoldsgrün","95191","Bayern",95191
1451578,"Leussow","19288","Mecklenburg-Vorpommern",19288
401695,"Leutenbach","71397","Baden-Württemberg",71397
1080485,"Leutenbach","91359","Bayern",91359
1273355,"Leutenberg","07338","Thüringen",7338
2856451,"Leutenthal","99439","Thüringen",99439
535128,"Leuterod","56244","Rheinland-Pfalz",56244
418710,"Leutersdorf","02794","Sachsen",2794
2828181,"Leutersdorf","98617","Thüringen",98617
534188,"Leutershausen","91578","Bayern",91578
444287,"Leutesdorf","56599","Rheinland-Pfalz",56599
2806741,"Leutkirch im Allgäu","88299","Baden-Württemberg",88299
950325,"Levenhagen","17498","Mecklenburg-Vorpommern",17498
62449,"Leverkusen","51371","Nordrhein-Westfalen",51371
62449,"Leverkusen","51373","Nordrhein-Westfalen",51373
62449,"Leverkusen","51375","Nordrhein-Westfalen",51375
62449,"Leverkusen","51377","Nordrhein-Westfalen",51377
62449,"Leverkusen","51379","Nordrhein-Westfalen",51379
62449,"Leverkusen","51381","Nordrhein-Westfalen",51381
449905,"Lewitzrand","19372","Mecklenburg-Vorpommern",19372
449905,"Lewitzrand","19374","Mecklenburg-Vorpommern",19374
1417211,"Lexgaard","25923","Schleswig-Holstein",25923
418622,"Lich","35423","Hessen",35423
1273291,"Lichte","98739","Thüringen",98739
148083,"Lichtenau","33165","Nordrhein-Westfalen",33165
414486,"Lichtenau","09244","Sachsen",9244
534384,"Lichtenau","91586","Bayern",91586
1188850,"Lichtenau","77839","Baden-Württemberg",77839
1021701,"Lichtenberg","95192","Bayern",95192
1307640,"Lichtenberg","01896","Sachsen",1896
416501,"Lichtenberg/Erzgeb.","09638","Sachsen",9638
1113726,"Lichtenborn","54619","Rheinland-Pfalz",54619
198603,"Lichtenfels","35104","Hessen",35104
1026859,"Lichtenfels","96215","Bayern",96215
417027,"Lichtenstein","09350","Sachsen",9350
2772600,"Lichtenstein","72805","Baden-Württemberg",72805
417078,"Lichtentanne","08115","Sachsen",8115
2792897,"Lichtenwald","73669","Baden-Württemberg",73669
1322949,"Lichterfeld-Schacksdorf","03238","Brandenburg",3238
455279,"Liebenau","34396","Hessen",34396
1183247,"Liebenau","31618","Niedersachsen",31618
1421454,"Liebenburg","38704","Niedersachsen",38704
533253,"Liebenscheid","56479","Rheinland-Pfalz",56479
396225,"Liebenstein","99330","Thüringen",99330
1310094,"Liebenwalde","16559","Brandenburg",16559
1388733,"Lieberose","15868","Brandenburg",15868
535250,"Liebschützberg","04758","Sachsen",4758
1241483,"Liebshausen","55494","Rheinland-Pfalz",55494
455487,"Liebstadt","01825","Sachsen",1825
414800,"Liederbach","65835","Hessen",65835
1266514,"Lieg","56290","Rheinland-Pfalz",56290
155440,"Lienen","49536","Nordrhein-Westfalen",49536
1318363,"Liepe","16248","Brandenburg",16248
1408062,"Liepgarten","17375","Mecklenburg-Vorpommern",17375
1113758,"Lierfeld","54597","Rheinland-Pfalz",54597
539908,"Lierschied","56357","Rheinland-Pfalz",56357
1269722,"Liesenich","56858","Rheinland-Pfalz",56858
1258367,"Lieser","54470","Rheinland-Pfalz",54470
1152711,"Ließem","54636","Rheinland-Pfalz",54636
412962,"Lieth","25770","Schleswig-Holstein",25770
1332905,"Lietzen","15306","Brandenburg",15306
1437546,"Lietzow","18528","Mecklenburg-Vorpommern",18528
423195,"Lilienthal","28865","Niedersachsen",28865
446590,"Limbach","08468","Sachsen",8468
446590,"Limbach","08491","Sachsen",8491
453164,"Limbach","57629","Rheinland-Pfalz",57629
1244081,"Limbach","55606","Rheinland-Pfalz",55606
403737,"Limbach (Baden)","74838","Baden-Württemberg",74838
283719,"Limbach-Oberfrohna","09212","Sachsen",9212
324307,"Limburg a. d. Lahn","65549","Hessen",65549
324307,"Limburg a. d. Lahn","65550","Hessen",65550
324307,"Limburg a. d. Lahn","65551","Hessen",65551
324307,"Limburg a. d. Lahn","65552","Hessen",65552
324307,"Limburg a. d. Lahn","65553","Hessen",65553
324307,"Limburg a. d. Lahn","65554","Hessen",65554
324307,"Limburg a. d. Lahn","65555","Hessen",65555
324307,"Limburg a. d. Lahn","65556","Hessen",65556
418404,"Limburgerhof","67117","Rheinland-Pfalz",67117
450112,"Limeshain","63694","Hessen",63694
1465816,"Linau","22959","Schleswig-Holstein",22959
548049,"Lind","56729","Rheinland-Pfalz",56729
1021834,"Lind","53506","Rheinland-Pfalz",53506
2179190,"Linda","07819","Thüringen",7819
2789093,"Linda b. Weida","07580","Thüringen",7580
548494,"Lindau","24214","Schleswig-Holstein",24214
959426,"Lindau (Bodensee)","88131","Bayern",88131
959162,"Lindberg","94227","Bayern",94227
418618,"Linden","35440","Hessen",35440
453165,"Linden","57629","Rheinland-Pfalz",57629
964256,"Linden","25791","Schleswig-Holstein",25791
1253837,"Linden","66851","Rheinland-Pfalz",66851
1253837,"Linden","67706","Rheinland-Pfalz",67706
1314220,"Lindenau","01945","Brandenburg",1945
1249986,"Lindenberg","67473","Rheinland-Pfalz",67473
1427227,"Lindenberg","17111","Mecklenburg-Vorpommern",17111
454330,"Lindenberg im Allgäu","88161","Bayern",88161
1332954,"Lindendorf","15306","Brandenburg",15306
186896,"Lindenfels","64678","Hessen",64678
2804441,"Lindenkreuz","07589","Thüringen",7589
1246418,"Lindenschied","55481","Rheinland-Pfalz",55481
1101318,"Lindern (Oldenburg)","49699","Niedersachsen",49699
1419899,"Lindetal","17349","Mecklenburg-Vorpommern",17349
2395939,"Lindewerra","37318","Thüringen",37318
1156031,"Lindewitt","24969","Schleswig-Holstein",24969
372850,"Lindholz","18334","Mecklenburg-Vorpommern",18334
1169360,"Lindhorst","31698","Niedersachsen",31698
2456331,"Lindig","07768","Thüringen",7768
173847,"Lindlar","51789","Nordrhein-Westfalen",51789
1302373,"Lindow (Mark)","16835","Brandenburg",16835
1808867,"Lindwedel","29690","Niedersachsen",29690
1075335,"Lingen (Ems)","49808","Niedersachsen",49808
1075335,"Lingen (Ems)","49809","Niedersachsen",49809
1075335,"Lingen (Ems)","49811","Niedersachsen",49811
1250345,"Lingenfeld","67360","Rheinland-Pfalz",67360
1182325,"Lingerhahn","56291","Rheinland-Pfalz",56291
445743,"Linkenbach","56317","Rheinland-Pfalz",56317
659818,"Linkenheim-Hochstetten","76351","Baden-Württemberg",76351
158394,"Linnich","52441","Nordrhein-Westfalen",52441
1183248,"Linsburg","31636","Niedersachsen",31636
535929,"Linsengericht","63589","Hessen",63589
540425,"Linthe","14822","Brandenburg",14822
443578,"Linz am Rhein","53545","Rheinland-Pfalz",53545
443578,"Linz am Rhein","53560","Rheinland-Pfalz",53560
2778385,"Lippersdorf-Erdmannsdorf","07646","Thüringen",7646
153230,"Lippetal","59510","Nordrhein-Westfalen",59510
540460,"Lipporn","56357","Rheinland-Pfalz",56357
2400598,"Lipprechterode","99752","Thüringen",99752
152781,"Lippstadt","59555","Nordrhein-Westfalen",59555
152781,"Lippstadt","59556","Nordrhein-Westfalen",59556
152781,"Lippstadt","59557","Nordrhein-Westfalen",59557
152781,"Lippstadt","59558","Nordrhein-Westfalen",59558
1075148,"Lirstal","56767","Rheinland-Pfalz",56767
1077567,"Lisberg","96170","Bayern",96170
1075996,"Lissendorf","54587","Rheinland-Pfalz",54587
1141533,"List auf Sylt","25992","Schleswig-Holstein",25992
1077561,"Litzendorf","96123","Bayern",96123
418120,"Löbau","02708","Sachsen",2708
453366,"Lobbach","74931","Baden-Württemberg",74931
2778386,"Löberschütz","07751","Thüringen",7751
2778482,"Löbichau","04626","Thüringen",4626
374305,"Löbnitz","18314","Mecklenburg-Vorpommern",18314
445992,"Löbnitz","04509","Sachsen",4509
405785,"Löchgau","74369","Baden-Württemberg",74369
453166,"Lochum","57629","Rheinland-Pfalz",57629
1407860,"Löcknitz","17321","Mecklenburg-Vorpommern",17321
450214,"Lockstedt","25551","Schleswig-Holstein",25551
1477862,"Lockwisch","23923","Mecklenburg-Vorpommern",23923
1433092,"Loddin","17459","Mecklenburg-Vorpommern",17459
2778483,"Lödla","04617","Thüringen",4617
546642,"Löf","56332","Rheinland-Pfalz",56332
309860,"Loffenau","76597","Baden-Württemberg",76597
319271,"Löffingen","79843","Baden-Württemberg",79843
450226,"Lohbarbek","25551","Schleswig-Holstein",25551
959917,"Lohberg","93470","Bayern",93470
556654,"Lohe-Föhrden","24806","Schleswig-Holstein",24806
412963,"Lohe-Rickelshof","25746","Schleswig-Holstein",25746
1115032,"Lohfelden","34253","Hessen",34253
1799277,"Lohheide","29303","Niedersachsen",29303
940969,"Lohkirchen","84494","Bayern",84494
2179191,"Löhma","07907","Thüringen",7907
173123,"Lohmar","53797","Nordrhein-Westfalen",53797
1437955,"Lohme","18551","Mecklenburg-Vorpommern",18551
534521,"Lohmen","01847","Sachsen",1847
1964779,"Lohmen","18276","Mecklenburg-Vorpommern",18276
324298,"Löhnberg","35792","Hessen",35792
1400519,"Lohne","49393","Niedersachsen",49393
147449,"Löhne","32584","Nordrhein-Westfalen",32584
1254716,"Lohnsfeld","67727","Rheinland-Pfalz",67727
1246767,"Lohnweiler","67744","Rheinland-Pfalz",67744
225498,"Lohra","35102","Hessen",35102
337282,"Lohr am Main","97816","Bayern",97816
538925,"Lohrheim","65558","Rheinland-Pfalz",65558
1309581,"Lohsa","02999","Sachsen",2999
959900,"Loiching","84180","Bayern",84180
2337633,"Loissin","17509","Mecklenburg-Vorpommern",17509
1149228,"Loit","24888","Schleswig-Holstein",24888
1286653,"Loitsche-Heinrichsberg","39326","Sachsen-Anhalt",39326
1427503,"Loitz","17121","Mecklenburg-Vorpommern",17121
959635,"Loitzendorf","94359","Bayern",94359
418609,"Lollar","35457","Hessen",35457
1244069,"Löllbach","67744","Rheinland-Pfalz",67744
540058,"Lollschied","56357","Rheinland-Pfalz",56357
547961,"Lommatzsch","01623","Sachsen",1623
1255896,"Longen","54338","Rheinland-Pfalz",54338
1258365,"Longkamp","54472","Rheinland-Pfalz",54472
1255902,"Longuich","54340","Rheinland-Pfalz",54340
71267,"Löningen","49624","Niedersachsen",49624
1016530,"Lonnerstadt","91475","Bayern",91475
543125,"Lonnig","56295","Rheinland-Pfalz",56295
2788067,"Lonsee","89173","Baden-Württemberg",89173
1248580,"Lonsheim","55237","Rheinland-Pfalz",55237
450074,"Looft","25582","Schleswig-Holstein",25582
553522,"Loop","24644","Schleswig-Holstein",24644
548620,"Loose","24366","Schleswig-Holstein",24366
310397,"Löptin","24250","Schleswig-Holstein",24250
409103,"Lorch","65391","Hessen",65391
550218,"Lorch","73547","Baden-Württemberg",73547
2787952,"Lörrach","79539","Baden-Württemberg",79539
2787952,"Lörrach","79540","Baden-Württemberg",79540
2787952,"Lörrach","79541","Baden-Württemberg",79541
537052,"Lorsch","64653","Hessen",64653
1256950,"Lorscheid","54317","Rheinland-Pfalz",54317
2007764,"Lorup","26901","Niedersachsen",26901
1245808,"Lörzweiler","55296","Rheinland-Pfalz",55296
1187155,"Losheim am See","66679","Saarland",66679
1258357,"Lösnich","54492","Rheinland-Pfalz",54492
422918,"Lossatal","04808","Sachsen",4808
935836,"Loßburg","72290","Baden-Württemberg",72290
401871,"Lößnitz","08294","Sachsen",8294
155567,"Lotte","49504","Nordrhein-Westfalen",49504
1157529,"Lottorf","24878","Schleswig-Holstein",24878
1240384,"Lottstetten","79807","Baden-Württemberg",79807
1261696,"Lötzbeuren","56843","Rheinland-Pfalz",56843
1310096,"Löwenberger Land","16775","Brandenburg",16775
1415324,"Löwenstedt","25864","Schleswig-Holstein",25864
410483,"Löwenstein","74245","Baden-Württemberg",74245
1161995,"Loxstedt","27612","Niedersachsen",27612
145290,"Lübbecke","32312","Nordrhein-Westfalen",32312
1322898,"Lübbenau/Spreewald","03222","Brandenburg",3222
1389285,"Lübben (Spreewald)","15907","Brandenburg",15907
904551,"Lübberstedt","27729","Niedersachsen",27729
1515756,"Lübberstorf","23992","Mecklenburg-Vorpommern",23992
1821904,"Lübbow","29488","Niedersachsen",29488
27027,"Lübeck","23552","Schleswig-Holstein",23552
27027,"Lübeck","23554","Schleswig-Holstein",23554
27027,"Lübeck","23556","Schleswig-Holstein",23556
27027,"Lübeck","23558","Schleswig-Holstein",23558
27027,"Lübeck","23560","Schleswig-Holstein",23560
27027,"Lübeck","23562","Schleswig-Holstein",23562
27027,"Lübeck","23564","Schleswig-Holstein",23564
27027,"Lübeck","23566","Schleswig-Holstein",23566
27027,"Lübeck","23568","Schleswig-Holstein",23568
27027,"Lübeck","23569","Schleswig-Holstein",23569
27027,"Lübeck","23570","Schleswig-Holstein",23570
1451596,"Lübesse","19077","Mecklenburg-Vorpommern",19077
1451552,"Lüblow","19288","Mecklenburg-Vorpommern",19288
1432697,"Lubmin","17509","Mecklenburg-Vorpommern",17509
1504867,"Lübow","23972","Mecklenburg-Vorpommern",23972
1408067,"Lübs","17379","Mecklenburg-Vorpommern",17379
1444900,"Lübstorf","19069","Mecklenburg-Vorpommern",19069
1451563,"Lübtheen","19249","Mecklenburg-Vorpommern",19249
449881,"Lübz","19386","Mecklenburg-Vorpommern",19386
1463291,"Lüchow","23898","Schleswig-Holstein",23898
1818755,"Lüchow","29439","Niedersachsen",29439
1263711,"Lucka","04613","Thüringen",4613
1322897,"Luckaitztal","03229","Brandenburg",3229
1389443,"Luckau","15926","Brandenburg",15926
1821913,"Luckau (Wendland)","29487","Niedersachsen",29487
453167,"Luckenbach","57629","Rheinland-Pfalz",57629
1258430,"Lückenburg","54424","Rheinland-Pfalz",54424
422435,"Luckenwalde","14943","Brandenburg",14943
1408069,"Luckow","17375","Mecklenburg-Vorpommern",17375
168563,"Lüdenscheid","58507","Nordrhein-Westfalen",58507
168563,"Lüdenscheid","58509","Nordrhein-Westfalen",58509
168563,"Lüdenscheid","58511","Nordrhein-Westfalen",58511
168563,"Lüdenscheid","58513","Nordrhein-Westfalen",58513
168563,"Lüdenscheid","58515","Nordrhein-Westfalen",58515
1250037,"Lüder","29394","Niedersachsen",29394
1978257,"Lüdersburg","21379","Niedersachsen",21379
1479258,"Lüdersdorf","23923","Mecklenburg-Vorpommern",23923
1169358,"Lüdersfeld","31702","Niedersachsen",31702
374314,"Lüdershagen","18314","Mecklenburg-Vorpommern",18314
157722,"Lüdinghausen","59348","Nordrhein-Westfalen",59348
1424135,"Ludorf","17207","Mecklenburg-Vorpommern",17207
238962,"Ludwigsau","36251","Hessen",36251
405292,"Ludwigsburg","71634","Baden-Württemberg",71634
405292,"Ludwigsburg","71636","Baden-Württemberg",71636
405292,"Ludwigsburg","71638","Baden-Württemberg",71638
405292,"Ludwigsburg","71640","Baden-Württemberg",71640
405292,"Ludwigsburg","71642","Baden-Württemberg",71642
405292,"Ludwigsburg","71672","Baden-Württemberg",71672
1022779,"Ludwigschorgast","95364","Bayern",95364
422432,"Ludwigsfelde","14974","Brandenburg",14974
62347,"Ludwigshafen am Rhein","67059","Rheinland-Pfalz",67059
62347,"Ludwigshafen am Rhein","67061","Rheinland-Pfalz",67061
62347,"Ludwigshafen am Rhein","67063","Rheinland-Pfalz",67063
62347,"Ludwigshafen am Rhein","67065","Rheinland-Pfalz",67065
62347,"Ludwigshafen am Rhein","67067","Rheinland-Pfalz",67067
62347,"Ludwigshafen am Rhein","67069","Rheinland-Pfalz",67069
62347,"Ludwigshafen am Rhein","67071","Rheinland-Pfalz",67071
1245840,"Ludwigshöhe","55278","Rheinland-Pfalz",55278
1451551,"Ludwigslust","19288","Mecklenburg-Vorpommern",19288
1021753,"Ludwigsstadt","96337","Bayern",96337
1251124,"Ludwigswinkel","66996","Rheinland-Pfalz",66996
1184650,"Lüerdissen","37635","Niedersachsen",37635
1251072,"Lug","76848","Rheinland-Pfalz",76848
536006,"Lugau/Erzgebirge","09385","Sachsen",9385
142696,"Lügde","32676","Nordrhein-Westfalen",32676
2027764,"Lühburg","17179","Mecklenburg-Vorpommern",17179
1182504,"Luhden","31711","Niedersachsen",31711
1059464,"Luhe-Wildenau","92706","Bayern",92706
1433749,"Lühmannsdorf","17495","Mecklenburg-Vorpommern",17495
548586,"Luhnstedt","24816","Schleswig-Holstein",24816
2800645,"Luisenthal","99885","Thüringen",99885
318228,"Lülsfeld","97511","Bayern",97511
2778481,"Lumpzig","04626","Thüringen",4626
952206,"Lunden","25774","Schleswig-Holstein",25774
1113748,"Lünebach","54597","Rheinland-Pfalz",54597
2420744,"Lüneburg","21335","Niedersachsen",21335
2420744,"Lüneburg","21337","Niedersachsen",21337
2420744,"Lüneburg","21339","Niedersachsen",21339
2420744,"Lüneburg","21391","Niedersachsen",21391
158454,"Lünen","44532","Nordrhein-Westfalen",44532
158454,"Lünen","44534","Nordrhein-Westfalen",44534
158454,"Lünen","44536","Nordrhein-Westfalen",44536
2006863,"Lünne","48480","Niedersachsen",48480
1318331,"Lunow-Stolzenhagen","16248","Brandenburg",16248
413429,"Lunzenau","09328","Sachsen",9328
1028818,"Lupburg","92331","Bayern",92331
1156161,"Lürschau","24850","Schleswig-Holstein",24850
371890,"Lüssow","18442","Mecklenburg-Vorpommern",18442
1964350,"Lüssow","18276","Mecklenburg-Vorpommern",18276
1250343,"Lustadt","67363","Rheinland-Pfalz",67363
1467755,"Lütau","21483","Schleswig-Holstein",21483
898200,"Lütetsburg","26524","Niedersachsen",26524
2409291,"Lutherstadt Eisleben","06295","Sachsen-Anhalt",6295
1060610,"Lutherstadt Wittenberg","06886","Sachsen-Anhalt",6886
1060610,"Lutherstadt Wittenberg","06888","Sachsen-Anhalt",6888
1060610,"Lutherstadt Wittenberg","06889","Sachsen-Anhalt",6889
288963,"Lütjenburg","24321","Schleswig-Holstein",24321
1415664,"Lütjenholm","25842","Schleswig-Holstein",25842
454200,"Lütjensee","22952","Schleswig-Holstein",22952
548603,"Lütjenwestedt","25585","Schleswig-Holstein",25585
1432372,"Lütow","17440","Mecklenburg-Vorpommern",17440
2396126,"Lutter","37318","Thüringen",37318
2016595,"Lutter am Barenberge","38729","Niedersachsen",38729
288259,"Lutterbek","24235","Schleswig-Holstein",24235
1451524,"Lüttow-Valluhn","19246","Mecklenburg-Vorpommern",19246
1266503,"Lütz","56290","Rheinland-Pfalz",56290
451776,"Lützelbach","64750","Hessen",64750
2405267,"Lützen","06686","Sachsen-Anhalt",6686
1269807,"Lutzerath","56826","Rheinland-Pfalz",56826
444180,"Lutzhorn","25355","Schleswig-Holstein",25355
957090,"Lutzingen","89440","Bayern",89440
1113739,"Lützkampen","54617","Rheinland-Pfalz",54617
1444896,"Lützow","19205","Mecklenburg-Vorpommern",19205
1444896,"Lützow","19209","Mecklenburg-Vorpommern",19209
548050,"Luxem","56729","Rheinland-Pfalz",56729
1334117,"Lychen","17279","Brandenburg",17279
539903,"Lykershausen","56346","Rheinland-Pfalz",56346
1149275,"Maasbüll","24975","Schleswig-Holstein",24975
2014017,"Maasen","27249","Niedersachsen",27249
1145349,"Maasholm","24404","Schleswig-Holstein",24404
422922,"Machern","04827","Sachsen",4827
546646,"Macken","56290","Rheinland-Pfalz",56290
1186711,"Mackenbach","67686","Rheinland-Pfalz",67686
2396131,"Mackenrode","37318","Thüringen",37318
1245127,"Mackenrodt","55758","Rheinland-Pfalz",55758
2857006,"Magdala","99441","Thüringen",99441
62481,"Magdeburg","39104","Sachsen-Anhalt",39104
62481,"Magdeburg","39106","Sachsen-Anhalt",39106
62481,"Magdeburg","39108","Sachsen-Anhalt",39108
62481,"Magdeburg","39110","Sachsen-Anhalt",39110
62481,"Magdeburg","39112","Sachsen-Anhalt",39112
62481,"Magdeburg","39114","Sachsen-Anhalt",39114
62481,"Magdeburg","39116","Sachsen-Anhalt",39116
62481,"Magdeburg","39118","Sachsen-Anhalt",39118
62481,"Magdeburg","39120","Sachsen-Anhalt",39120
62481,"Magdeburg","39122","Sachsen-Anhalt",39122
62481,"Magdeburg","39124","Sachsen-Anhalt",39124
62481,"Magdeburg","39126","Sachsen-Anhalt",39126
62481,"Magdeburg","39128","Sachsen-Anhalt",39128
62481,"Magdeburg","39130","Sachsen-Anhalt",39130
722147,"Magstadt","71106","Baden-Württemberg",71106
453010,"Mahlberg","77972","Baden-Württemberg",77972
1231954,"Mahlstetten","78601","Baden-Württemberg",78601
534482,"Mähren","56459","Rheinland-Pfalz",56459
968890,"Mähring","95695","Bayern",95695
959862,"Maierhöfen","88167","Bayern",88167
962609,"Maihingen","86747","Bayern",86747
1252416,"Maikammer","67487","Rheinland-Pfalz",67487
534353,"Mainaschaff","63814","Bayern",63814
283611,"Mainbernheim","97350","Bayern",97350
956643,"Mainburg","84048","Bayern",84048
391369,"Mainhardt","74535","Baden-Württemberg",74535
659743,"Mainhausen","63533","Hessen",63533
1022772,"Mainleus","95336","Bayern",95336
283564,"Mainstockheim","97320","Bayern",97320
535888,"Maintal","63477","Hessen",63477
62630,"Mainz","55116","Rheinland-Pfalz",55116
62630,"Mainz","55118","Rheinland-Pfalz",55118
62630,"Mainz","55120","Rheinland-Pfalz",55120
62630,"Mainz","55122","Rheinland-Pfalz",55122
62630,"Mainz","55124","Rheinland-Pfalz",55124
62630,"Mainz","55126","Rheinland-Pfalz",55126
62630,"Mainz","55127","Rheinland-Pfalz",55127
62630,"Mainz","55128","Rheinland-Pfalz",55128
62630,"Mainz","55129","Rheinland-Pfalz",55129
62630,"Mainz","55130","Rheinland-Pfalz",55130
62630,"Mainz","55131","Rheinland-Pfalz",55131
933500,"Maisach","82216","Bayern",82216
1182310,"Maisborn","56291","Rheinland-Pfalz",56291
940681,"Maitenbeth","83558","Bayern",83558
1245199,"Maitzborn","55481","Rheinland-Pfalz",55481
421917,"Malberg","57629","Rheinland-Pfalz",57629
1140569,"Malberg","54655","Rheinland-Pfalz",54655
1140554,"Malbergweich","54655","Rheinland-Pfalz",54655
1258419,"Malborn","54426","Rheinland-Pfalz",54426
1427274,"Malchin","17139","Mecklenburg-Vorpommern",17139
958119,"Malching","94094","Bayern",94094
1424390,"Malchow","17213","Mecklenburg-Vorpommern",17213
382435,"Malente","23714","Schleswig-Holstein",23714
957054,"Malgersdorf","84333","Bayern",84333
1451567,"Malk Göhren","19294","Mecklenburg-Vorpommern",19294
959637,"Mallersdorf-Pfaffenberg","84066","Bayern",84066
1451604,"Malliß","19294","Mecklenburg-Vorpommern",19294
1130289,"Malsburg-Marzell","79429","Baden-Württemberg",79429
453401,"Malsch","69254","Baden-Württemberg",69254
659837,"Malsch","76316","Baden-Württemberg",76316
2678596,"Malschwitz","02694","Sachsen",2694
452211,"Malsfeld","34323","Hessen",34323
1124267,"Malterdingen","79364","Baden-Württemberg",79364
418889,"Mammelzen","57636","Rheinland-Pfalz",57636
933535,"Mammendorf","82291","Bayern",82291
959910,"Mamming","94437","Bayern",94437
387285,"Manching","85077","Bayern",85077
1244221,"Mandel","55595","Rheinland-Pfalz",55595
1184821,"Mandelbachtal","66399","Saarland",66399
1256077,"Mandern","54429","Rheinland-Pfalz",54429
1113730,"Manderscheid","54649","Rheinland-Pfalz",54649
1258885,"Manderscheid","54531","Rheinland-Pfalz",54531
382413,"Manhagen","23738","Schleswig-Holstein",23738
1075147,"Mannebach","56769","Rheinland-Pfalz",56769
1256026,"Mannebach","54441","Rheinland-Pfalz",54441
62691,"Mannheim","68159","Baden-Württemberg",68159
62691,"Mannheim","68161","Baden-Württemberg",68161
62691,"Mannheim","68163","Baden-Württemberg",68163
62691,"Mannheim","68165","Baden-Württemberg",68165
62691,"Mannheim","68167","Baden-Württemberg",68167
62691,"Mannheim","68169","Baden-Württemberg",68169
62691,"Mannheim","68199","Baden-Württemberg",68199
62691,"Mannheim","68219","Baden-Württemberg",68219
62691,"Mannheim","68229","Baden-Württemberg",68229
62691,"Mannheim","68239","Baden-Württemberg",68239
62691,"Mannheim","68259","Baden-Württemberg",68259
62691,"Mannheim","68305","Baden-Württemberg",68305
62691,"Mannheim","68307","Baden-Württemberg",68307
62691,"Mannheim","68309","Baden-Württemberg",68309
2410097,"Mannstedt","99628","Thüringen",99628
1253880,"Mannweiler-Cölln","67822","Rheinland-Pfalz",67822
2409462,"Mansfeld","06343","Sachsen-Anhalt",6343
1059463,"Mantel","92708","Bayern",92708
1245248,"Manubach","55413","Rheinland-Pfalz",55413
405289,"Marbach am Neckar","71672","Baden-Württemberg",71672
405289,"Marbach am Neckar","71711","Baden-Württemberg",71711
225494,"Marburg","35037","Hessen",35037
225494,"Marburg","35039","Hessen",35039
225494,"Marburg","35041","Hessen",35041
225494,"Marburg","35043","Hessen",35043
225494,"Marburg","35094","Hessen",35094
1954582,"March","79232","Baden-Württemberg",79232
181161,"Margetshöchheim","97276","Bayern",97276
959669,"Mariaposching","94553","Bayern",94553
422286,"Marienberg","09496","Sachsen",9496
540461,"Marienfels","56357","Rheinland-Pfalz",56357
1289804,"Marienfließ","16945","Brandenburg",16945
898641,"Marienhafe","26529","Niedersachsen",26529
444326,"Marienhausen","56269","Rheinland-Pfalz",56269
173853,"Marienheide","51709","Nordrhein-Westfalen",51709
148594,"Marienmünster","37696","Nordrhein-Westfalen",37696
533587,"Marienrachdorf","56242","Rheinland-Pfalz",56242
1446633,"Mariental","38368","Niedersachsen",38368
1318361,"Marienwerder","16348","Brandenburg",16348
1258366,"Maring-Noviand","54484","Rheinland-Pfalz",54484
1273258,"Marisfeld","98530","Thüringen",98530
2783888,"Markdorf","88677","Baden-Württemberg",88677
1311107,"Markersdorf","02829","Sachsen",2829
405841,"Markgröningen","71706","Baden-Württemberg",71706
1389676,"Märkisch Buchholz","15748","Brandenburg",15748
1389281,"Märkische Heide","15913","Brandenburg",15913
1332936,"Märkische Höhe","15377","Brandenburg",15377
1302388,"Märkisch Linden","16818","Brandenburg",16818
1266347,"Märkisch Luch","14715","Brandenburg",14715
93399,"Markkleeberg","04416","Sachsen",4416
1334091,"Mark Landin","16278","Brandenburg",16278
959905,"Marklkofen","84163","Bayern",84163
1183265,"Marklohe","31608","Niedersachsen",31608
443525,"Markneukirchen","08258","Sachsen",8258
420238,"Markranstädt","04420","Sachsen",4420
2894252,"Marksuhl","99819","Thüringen",99819
356768,"Marktbergel","91613","Bayern",91613
1015119,"Markt Berolzheim","91801","Bayern",91801
356749,"Markt Bibart","91477","Bayern",91477
282304,"Marktbreit","97340","Bayern",97340
282345,"Markt Einersheim","97348","Bayern",97348
357052,"Markt Erlbach","91459","Bayern",91459
1026856,"Marktgraitz","96257","Bayern",96257
336517,"Marktheidenfeld","97828","Bayern",97828
415818,"Markt Indersdorf","85229","Bayern",85229
942037,"Marktl","84533","Bayern",84533
1022771,"Marktleugast","95352","Bayern",95352
1022874,"Marktleuthen","95168","Bayern",95168
356753,"Markt Nordheim","91478","Bayern",91478
445608,"Marktoberdorf","87616","Bayern",87616
962606,"Marktoffingen","86748","Bayern",86748
1022884,"Marktredwitz","95615","Bayern",95615
958231,"Markt Rettenbach","87733","Bayern",87733
1021759,"Marktrodach","96364","Bayern",96364
941833,"Marktschellenberg","83487","Bayern",83487
1022761,"Marktschorgast","95509","Bayern",95509
929821,"Markt Schwaben","85570","Bayern",85570
282348,"Marktsteft","97342","Bayern",97342
356991,"Markt Taschendorf","91480","Bayern",91480
958168,"Markt Wald","86865","Bayern",86865
1026855,"Marktzeuln","96275","Bayern",96275
2411291,"Markvippach","99195","Thüringen",99195
63460,"Marl","45768","Nordrhein-Westfalen",45768
63460,"Marl","45770","Nordrhein-Westfalen",45770
63460,"Marl","45772","Nordrhein-Westfalen",45772
1675744,"Marl","49448","Niedersachsen",49448
1016521,"Marloffstein","91080","Bayern",91080
372363,"Marlow","18337","Mecklenburg-Vorpommern",18337
935724,"Marne","25709","Schleswig-Holstein",25709
935702,"Marnerdeich","25709","Schleswig-Holstein",25709
1254066,"Marnheim","67297","Rheinland-Pfalz",67297
449892,"Marnitz","19376","Mecklenburg-Vorpommern",19376
388834,"Maroldsweisach","96126","Bayern",96126
2902825,"Marolterode","99994","Thüringen",99994
533588,"Maroth","56271","Rheinland-Pfalz",56271
1184604,"Marpingen","66646","Saarland",66646
941729,"Marquartstein","83250","Bayern",83250
157381,"Marsberg","34431","Nordrhein-Westfalen",34431
305532,"Marschacht","21436","Niedersachsen",21436
289959,"Martensrade","24238","Schleswig-Holstein",24238
1182392,"Martfeld","27327","Niedersachsen",27327
2395942,"Marth","37318","Thüringen",37318
165449,"Martinroda","98693","Thüringen",98693
282303,"Martinsheim","97340","Bayern",97340
1253814,"Martinshöhe","66894","Rheinland-Pfalz",66894
1244164,"Martinstein","55627","Rheinland-Pfalz",55627
307326,"Marxen","21439","Niedersachsen",21439
962386,"Marxheim","86688","Bayern",86688
309861,"Marxzell","76359","Baden-Württemberg",76359
453168,"Marzhausen","57627","Rheinland-Pfalz",57627
30004,"Marzling","85417","Bayern",85417
448130,"Masburg","56761","Rheinland-Pfalz",56761
2801347,"Maselheim","88437","Baden-Württemberg",88437
383672,"Maßbach","97711","Bayern",97711
410522,"Massenbachhausen","74252","Baden-Württemberg",74252
1322945,"Massen-Niederlausitz","03238","Brandenburg",3238
1322945,"Massen-Niederlausitz","03246","Brandenburg",3246
1263901,"Masserberg","98666","Thüringen",98666
957065,"Massing","84323","Bayern",84323
1424138,"Massow","17209","Mecklenburg-Vorpommern",17209
1251032,"Maßweiler","66506","Rheinland-Pfalz",66506
1204721,"Mastershausen","56869","Rheinland-Pfalz",56869
1108061,"Masthorn","54597","Rheinland-Pfalz",54597
1246480,"Matzenbach","66909","Rheinland-Pfalz",66909
1108041,"Matzerath","54597","Rheinland-Pfalz",54597
1248588,"Mauchenheim","67294","Rheinland-Pfalz",67294
421953,"Mauden","57520","Rheinland-Pfalz",57520
1113763,"Mauel","54649","Rheinland-Pfalz",54649
453394,"Mauer","69256","Baden-Württemberg",69256
29828,"Mauern","85419","Bayern",85419
447634,"Mauerstetten","87665","Bayern",87665
358098,"Maulbronn","75433","Baden-Württemberg",75433
1130300,"Maulburg","79689","Baden-Württemberg",79689
1250694,"Mauschbach","66500","Rheinland-Pfalz",66500
958949,"Mauth","94151","Bayern",94151
422697,"Maxdorf","67133","Rheinland-Pfalz",67133
962126,"Maxhütte-Haidhof","93142","Bayern",93142
533589,"Maxsain","56244","Rheinland-Pfalz",56244
541668,"Mayen","56727","Rheinland-Pfalz",56727
541668,"Mayen","56729","Rheinland-Pfalz",56729
1021824,"Mayschoß","53508","Rheinland-Pfalz",53508
2857007,"Mechelroda","99441","Thüringen",99441
158142,"Mechernich","53894","Nordrhein-Westfalen",53894
1470110,"Mechow","23909","Schleswig-Holstein",23909
1392136,"Mechtersen","21358","Niedersachsen",21358
1152674,"Meckel","54636","Rheinland-Pfalz",54636
1244084,"Meckenbach","55606","Rheinland-Pfalz",55606
1244283,"Meckenbach","55767","Rheinland-Pfalz",55767
2806600,"Meckenbeuren","88074","Baden-Württemberg",88074
173124,"Meckenheim","53340","Nordrhein-Westfalen",53340
1249975,"Meckenheim","67149","Rheinland-Pfalz",67149
453395,"Meckesheim","74909","Baden-Württemberg",74909
1246787,"Medard","67744","Rheinland-Pfalz",67744
1244158,"Meddersheim","55566","Rheinland-Pfalz",55566
532319,"Meddewade","23847","Schleswig-Holstein",23847
157387,"Medebach","59964","Nordrhein-Westfalen",59964
1156023,"Medelby","24994","Schleswig-Holstein",24994
956189,"Medlingen","89441","Bayern",89441
1432540,"Medow","17391","Mecklenburg-Vorpommern",17391
956806,"Meeder","96484","Bayern",96484
417023,"Meerane","08393","Sachsen",8393
1169411,"Meerbeck","31715","Niedersachsen",31715
161503,"Meerbusch","40667","Nordrhein-Westfalen",40667
161503,"Meerbusch","40668","Nordrhein-Westfalen",40668
161503,"Meerbusch","40670","Nordrhein-Westfalen",40670
1258864,"Meerfeld","54531","Rheinland-Pfalz",54531
2784048,"Meersburg","88709","Baden-Württemberg",88709
1427222,"Meesiger","17111","Mecklenburg-Vorpommern",17111
556090,"Meezen","24594","Schleswig-Holstein",24594
962605,"Megesheim","86750","Bayern",86750
1157802,"Meggerdorf","24799","Schleswig-Holstein",24799
1157802,"Meggerdorf","24861","Schleswig-Holstein",24861
1186704,"Mehlbach","67735","Rheinland-Pfalz",67735
448604,"Mehlbek","25588","Schleswig-Holstein",25588
1253745,"Mehlingen","67678","Rheinland-Pfalz",67678
1070972,"Mehlmeisel","95694","Bayern",95694
2831133,"Mehmels","98634","Thüringen",98634
2778484,"Mehna","04626","Thüringen",4626
418135,"Mehren","57635","Rheinland-Pfalz",57635
1085802,"Mehren","54552","Rheinland-Pfalz",54552
942043,"Mehring","84561","Bayern",84561
1260244,"Mehring","54346","Rheinland-Pfalz",54346
940880,"Mehrstetten","72537","Baden-Württemberg",72537
1408068,"Meiersberg","17375","Mecklenburg-Vorpommern",17375
444700,"Meinborn","56584","Rheinland-Pfalz",56584
1363524,"Meine","38527","Niedersachsen",38527
1375134,"Meinersen","38536","Niedersachsen",38536
168556,"Meinerzhagen","58540","Nordrhein-Westfalen",58540
2404162,"Meineweh","06721","Sachsen-Anhalt",6721
549416,"Meinhard","37276","Hessen",37276
1015120,"Meinheim","91802","Bayern",91802
2247548,"Meiningen","98617","Thüringen",98617
1085799,"Meisburg","54570","Rheinland-Pfalz",54570
1244061,"Meisenheim","55590","Rheinland-Pfalz",55590
546775,"Meißen","01662","Sachsen",1662
452997,"Meißenheim","77974","Baden-Württemberg",77974
549418,"Meißner","37290","Hessen",37290
445866,"Meitingen","86405","Bayern",86405
1846198,"Melbeck","21406","Niedersachsen",21406
1318348,"Melchow","16230","Brandenburg",16230
416357,"Meldorf","25704","Schleswig-Holstein",25704
1085139,"Melle","49324","Niedersachsen",49324
1085139,"Melle","49326","Niedersachsen",49326
1085139,"Melle","49328","Niedersachsen",49328
1273288,"Mellenbach-Glasbach","98746","Thüringen",98746
1433086,"Mellenthin","17406","Mecklenburg-Vorpommern",17406
1433086,"Mellenthin","17429","Mecklenburg-Vorpommern",17429
2857008,"Mellingen","99441","Thüringen",99441
2014018,"Mellinghausen","27249","Niedersachsen",27249
387410,"Mellrichstadt","97638","Bayern",97638
2536308,"Melpers","98634","Thüringen",98634
444704,"Melsbach","56581","Rheinland-Pfalz",56581
554749,"Melsdorf","24109","Schleswig-Holstein",24109
452197,"Melsungen","34212","Hessen",34212
1424146,"Melz","17209","Mecklenburg-Vorpommern",17209
1077554,"Memmelsdorf","96117","Bayern",96117
62590,"Memmingen","87700","Bayern",87700
958245,"Memmingerberg","87766","Bayern",87766
2063638,"Menden","58706","Nordrhein-Westfalen",58706
2063638,"Menden","58708","Nordrhein-Westfalen",58708
2063638,"Menden","58710","Nordrhein-Westfalen",58710
544235,"Mendig","56743","Rheinland-Pfalz",56743
2805403,"Mengen","88512","Baden-Württemberg",88512
1241637,"Mengerschied","55490","Rheinland-Pfalz",55490
324297,"Mengerskirchen","35794","Hessen",35794
959904,"Mengkofen","84152","Bayern",84152
1163501,"Menningen","54310","Rheinland-Pfalz",54310
1808583,"Menslage","49637","Niedersachsen",49637
2902834,"Menteroda","99976","Thüringen",99976
2902834,"Menteroda","99996","Thüringen",99996
1479212,"Menzendorf","23923","Mecklenburg-Vorpommern",23923
1075125,"Meppen","49716","Niedersachsen",49716
396003,"Merching","86504","Bayern",86504
1187150,"Merchweiler","66589","Saarland",66589
70178,"Merdingen","79291","Baden-Württemberg",79291
324299,"Merenberg","35799","Hessen",35799
161796,"Mering","86415","Bayern",86415
453169,"Merkelbach","57629","Rheinland-Pfalz",57629
534389,"Merkendorf","91732","Bayern",91732
2772187,"Merklingen","89188","Baden-Württemberg",89188
1113752,"Merlscheid","54597","Rheinland-Pfalz",54597
1182321,"Mermuth","56283","Rheinland-Pfalz",56283
1258428,"Merschbach","54426","Rheinland-Pfalz",54426
2406260,"Merseburg","06217","Sachsen-Anhalt",6217
2404010,"Mertendorf","06618","Sachsen-Anhalt",6618
2778387,"Mertendorf","07619","Thüringen",7619
1256956,"Mertesdorf","54318","Rheinland-Pfalz",54318
1249736,"Mertesheim","67271","Rheinland-Pfalz",67271
562972,"Mertingen","86690","Bayern",86690
543126,"Mertloch","56753","Rheinland-Pfalz",56753
1244161,"Merxheim","55627","Rheinland-Pfalz",55627
1251060,"Merzalben","66978","Rheinland-Pfalz",66978
1303795,"Merzdorf","04932","Brandenburg",4932
2014404,"Merzen","49586","Niedersachsen",49586
163310,"Merzenich","52399","Nordrhein-Westfalen",52399
1946233,"Merzhausen","79249","Baden-Württemberg",79249
1187154,"Merzig","66663","Saarland",66663
1256022,"Merzkirchen","54439","Rheinland-Pfalz",54439
1246765,"Merzweiler","67746","Rheinland-Pfalz",67746
157423,"Meschede","59872","Nordrhein-Westfalen",59872
1334110,"Mescherin","16307","Brandenburg",16307
956962,"Mesekenhagen","17498","Mecklenburg-Vorpommern",17498
1259314,"Mesenich","56820","Rheinland-Pfalz",56820
387604,"Mespelbrunn","63875","Bayern",63875
452396,"Messel","64409","Hessen",64409
1182393,"Messenkamp","31867","Niedersachsen",31867
1152678,"Messerich","54636","Rheinland-Pfalz",54636
2006836,"Messingen","49832","Niedersachsen",49832
2805976,"Meßkirch","88605","Baden-Württemberg",88605
2779379,"Meßstetten","72469","Baden-Württemberg",72469
449910,"Mestlin","19374","Mecklenburg-Vorpommern",19374
155786,"Metelen","48629","Nordrhein-Westfalen",48629
1504827,"Metelsdorf","23972","Mecklenburg-Vorpommern",23972
959810,"Metten","94526","Bayern",94526
1171865,"Mettendorf","54675","Rheinland-Pfalz",54675
941000,"Mettenheim","84562","Bayern",84562
1248685,"Mettenheim","67582","Rheinland-Pfalz",67582
1152692,"Metterich","54634","Rheinland-Pfalz",54634
155573,"Mettingen","49497","Nordrhein-Westfalen",49497
1184405,"Mettlach","66693","Saarland",66693
66521,"Mettmann","40822","Nordrhein-Westfalen",40822
1245065,"Mettweiler","55777","Rheinland-Pfalz",55777
2831134,"Metzels","98639","Thüringen",98639
957009,"Metzenhausen","55481","Rheinland-Pfalz",55481
2774075,"Metzingen","72555","Baden-Württemberg",72555
534483,"Meudt","56414","Rheinland-Pfalz",56414
1273290,"Meura","98744","Thüringen",98744
2778388,"Meusebach","07646","Thüringen",7646
1273289,"Meuselbach-Schwarzmühle","98746","Thüringen",98746
1263715,"Meuselwitz","04610","Thüringen",4610
1060431,"Meuspath","53520","Rheinland-Pfalz",53520
1289815,"Meyenburg","16945","Brandenburg",16945
1156029,"Meyn","24980","Schleswig-Holstein",24980
1026862,"Michelau in Oberfranken","96247","Bayern",96247
318258,"Michelau i.Steigerwald","97513","Bayern",97513
418871,"Michelbach","57610","Rheinland-Pfalz",57610
1204714,"Michelbach","56288","Rheinland-Pfalz",56288
391363,"Michelbach an der Bilz","74544","Baden-Württemberg",74544
391368,"Michelfeld","74545","Baden-Württemberg",74545
960529,"Michelsneukirchen","93185","Bayern",93185
451803,"Michelstadt","64720","Hessen",64720
332537,"Michendorf","14552","Brandenburg",14552
935163,"Mickhausen","86866","Bayern",86866
1428586,"Midlum","25938","Schleswig-Holstein",25938
540462,"Miehlen","56357","Rheinland-Pfalz",56357
554771,"Mielkendorf","24247","Schleswig-Holstein",24247
535692,"Miellen","56132","Rheinland-Pfalz",56132
935948,"Miesbach","83714","Bayern",83714
2179192,"Miesitz","07819","Thüringen",7819
2801348,"Mietingen","88487","Baden-Württemberg",88487
2899669,"Mihla","99826","Thüringen",99826
2778389,"Milda","07751","Thüringen",7751
536634,"Mildenau","09456","Sachsen",9456
1405172,"Mildstedt","25866","Schleswig-Holstein",25866
374117,"Millienhagen-Oebelitz","18461","Mecklenburg-Vorpommern",18461
1334086,"Milmersdorf","17268","Brandenburg",17268
1451564,"Milow","19294","Mecklenburg-Vorpommern",19294
1451564,"Milow","19300","Mecklenburg-Vorpommern",19300
1267578,"Milower Land","14715","Brandenburg",14715
961932,"Miltach","93468","Bayern",93468
393538,"Miltenberg","63897","Bayern",63897
445772,"Mindelheim","87719","Bayern",87719
943558,"Mindelstetten","93349","Bayern",93349
139087,"Minden","32423","Nordrhein-Westfalen",32423
139087,"Minden","32425","Nordrhein-Westfalen",32425
139087,"Minden","32427","Nordrhein-Westfalen",32427
139087,"Minden","32429","Nordrhein-Westfalen",32429
1163507,"Minden","54310","Rheinland-Pfalz",54310
1259129,"Minderlittgen","54518","Rheinland-Pfalz",54518
1250502,"Minfeld","76872","Rheinland-Pfalz",76872
1258386,"Minheim","54518","Rheinland-Pfalz",54518
964614,"Mintraching","93098","Bayern",93098
1419648,"Mirow","17252","Mecklenburg-Vorpommern",17252
540067,"Misselberg","56377","Rheinland-Pfalz",56377
957812,"Missen-Wilhams","87547","Bayern",87547
1070976,"Mistelbach","95511","Bayern",95511
1070974,"Mistelgau","95490","Bayern",95490
1964351,"Mistorf","18276","Mecklenburg-Vorpommern",18276
2790946,"Mittelangeln","24986","Schleswig-Holstein",24986
2801322,"Mittelbiberach","88441","Baden-Württemberg",88441
1253825,"Mittelbrunn","66851","Rheinland-Pfalz",66851
534387,"Mitteleschenbach","91734","Bayern",91734
539711,"Mittelfischbach","56370","Rheinland-Pfalz",56370
418127,"Mittelherwigsdorf","02763","Sachsen",2763
421225,"Mittelhof","57537","Rheinland-Pfalz",57537
935177,"Mittelneufnach","86868","Bayern",86868
444926,"Mittelnkirchen","21720","Niedersachsen",21720
2179193,"Mittelpöllnitz","07819","Thüringen",7819
1245072,"Mittelreidenbach","55758","Rheinland-Pfalz",55758
349934,"Mittelsinn","97785","Bayern",97785
2903167,"Mittelsömmern","99955","Thüringen",99955
445758,"Mittelstenahe","21770","Niedersachsen",21770
933512,"Mittelstetten","82293","Bayern",82293
1269739,"Mittelstrimmig","56858","Rheinland-Pfalz",56858
215970,"Mittenaar","35756","Hessen",35756
939341,"Mittenwald","82481","Bayern",82481
55771,"Mittenwalde","15749","Brandenburg",15749
1334080,"Mittenwalde","17268","Brandenburg",17268
959639,"Mitterfels","94360","Bayern",94360
957072,"Mitterskirchen","84335","Bayern",84335
975234,"Mitterteich","95666","Bayern",95666
414696,"Mittweida","09648","Sachsen",9648
1021752,"Mitwitz","96268","Bayern",96268
1384841,"Mixdorf","15299","Brandenburg",15299
1283579,"Möckern","39279","Sachsen-Anhalt",39279
1283579,"Möckern","39291","Sachsen-Anhalt",39291
2778390,"Möckern","07646","Thüringen",7646
409707,"Möckmühl","74219","Baden-Württemberg",74219
446699,"Mockrehna","04862","Sachsen",4862
452424,"Modautal","64397","Hessen",64397
957078,"Mödingen","89426","Bayern",89426
58623,"Moers","47441","Nordrhein-Westfalen",47441
58623,"Moers","47443","Nordrhein-Westfalen",47443
58623,"Moers","47445","Nordrhein-Westfalen",47445
58623,"Moers","47447","Nordrhein-Westfalen",47447
535129,"Mogendorf","56424","Rheinland-Pfalz",56424
915432,"Mögglingen","73563","Baden-Württemberg",73563
405810,"Möglingen","71696","Baden-Württemberg",71696
1946738,"Mohlsdorf-Teichwolframsdorf","07987","Thüringen",7987
153498,"Möhnesee","59519","Nordrhein-Westfalen",59519
1466109,"Möhnsen","21493","Schleswig-Holstein",21493
1016505,"Möhrendorf","91096","Bayern",91096
1149237,"Mohrkirch","24392","Schleswig-Holstein",24392
1149237,"Mohrkirch","24405","Schleswig-Holstein",24405
1149237,"Mohrkirch","24891","Schleswig-Holstein",24891
303369,"Moisburg","21647","Niedersachsen",21647
2404040,"Molauer Land","06618","Sachsen-Anhalt",6618
1101319,"Molbergen","49696","Niedersachsen",49696
557582,"Molfsee","24113","Schleswig-Holstein",24113
1419594,"Möllenbeck","17237","Mecklenburg-Vorpommern",17237
1451543,"Möllenbeck","19300","Mecklenburg-Vorpommern",19300
1424416,"Möllenhagen","17219","Mecklenburg-Vorpommern",17219
1427694,"Mölln","17091","Mecklenburg-Vorpommern",17091
1604264,"Mölln","23879","Schleswig-Holstein",23879
534484,"Molsberg","56414","Rheinland-Pfalz",56414
2818334,"Molschleben","99869","Thüringen",99869
1432805,"Mölschow","17449","Mecklenburg-Vorpommern",17449
1248699,"Mölsheim","67591","Rheinland-Pfalz",67591
2676471,"Moltzow","17194","Mecklenburg-Vorpommern",17194
421923,"Molzhain","57520","Rheinland-Pfalz",57520
534045,"Mömbris","63776","Bayern",63776
395323,"Mömlingen","63853","Bayern",63853
1239629,"Mommenheim","55278","Rheinland-Pfalz",55278
394506,"Mönchberg","63933","Bayern",63933
62410,"Mönchengladbach","41061","Nordrhein-Westfalen",41061
62410,"Mönchengladbach","41063","Nordrhein-Westfalen",41063
62410,"Mönchengladbach","41065","Nordrhein-Westfalen",41065
62410,"Mönchengladbach","41066","Nordrhein-Westfalen",41066
62410,"Mönchengladbach","41068","Nordrhein-Westfalen",41068
62410,"Mönchengladbach","41069","Nordrhein-Westfalen",41069
62410,"Mönchengladbach","41169","Nordrhein-Westfalen",41169
62410,"Mönchengladbach","41179","Nordrhein-Westfalen",41179
62410,"Mönchengladbach","41189","Nordrhein-Westfalen",41189
62410,"Mönchengladbach","41199","Nordrhein-Westfalen",41199
62410,"Mönchengladbach","41236","Nordrhein-Westfalen",41236
62410,"Mönchengladbach","41238","Nordrhein-Westfalen",41238
62410,"Mönchengladbach","41239","Nordrhein-Westfalen",41239
2857009,"Mönchenholzhausen","99198","Thüringen",99198
7885533,"Mönchgut","18586","Mecklenburg-Vorpommern",18586
393340,"Mönchhagen","18182","Mecklenburg-Vorpommern",18182
2387351,"Mönchpfiffel-Nikolausrieth","06556","Thüringen",6556
962449,"Mönchsdeggingen","86751","Bayern",86751
534178,"Mönchsroth","91614","Bayern",91614
1242307,"Mönchweiler","78087","Baden-Württemberg",78087
962649,"Monheim","86653","Bayern",86653
33070,"Monheim am Rhein","40789","Nordrhein-Westfalen",40789
299456,"Mönkeberg","24248","Schleswig-Holstein",24248
1408066,"Mönkebude","17375","Mecklenburg-Vorpommern",17375
532394,"Mönkhagen","23619","Schleswig-Holstein",23619
423231,"Mönkloh","24576","Schleswig-Holstein",24576
548051,"Monreal","56729","Rheinland-Pfalz",56729
158020,"Monschau","52156","Nordrhein-Westfalen",52156
1248700,"Monsheim","67590","Rheinland-Pfalz",67590
908345,"Mönsheim","71297","Baden-Württemberg",71297
2778485,"Monstab","04617","Thüringen",4617
453842,"Montabaur","56410","Rheinland-Pfalz",56410
1266512,"Möntenich","56754","Rheinland-Pfalz",56754
1258373,"Monzelfeld","54472","Rheinland-Pfalz",54472
1248784,"Monzernheim","55234","Rheinland-Pfalz",55234
1244152,"Monzingen","55569","Rheinland-Pfalz",55569
450524,"Moordiek","25597","Schleswig-Holstein",25597
933548,"Moorenweis","82272","Bayern",82272
2836719,"Moorgrund","36433","Thüringen",36433
448556,"Moorhusen","25554","Schleswig-Holstein",25554
1187825,"Moormerland","26802","Niedersachsen",26802
443194,"Moorrege","25436","Schleswig-Holstein",25436
2012456,"Moorweg","26427","Niedersachsen",26427
959820,"Moos","94554","Bayern",94554
2784986,"Moos","78345","Baden-Württemberg",78345
929917,"Moosach","85665","Bayern",85665
1059465,"Moosbach","92709","Bayern",92709
29996,"Moosburg","85368","Bayern",85368
2801349,"Moosburg","88422","Baden-Württemberg",88422
934763,"Moosinning","85452","Bayern",85452
959901,"Moosthenning","84164","Bayern",84164
1451504,"Moraas","19230","Mecklenburg-Vorpommern",19230
661030,"Morbach","54497","Rheinland-Pfalz",54497
548591,"Mörel","24594","Schleswig-Holstein",24594
444545,"Mörfelden-Walldorf","64546","Hessen",64546
1397836,"Moringen","37186","Niedersachsen",37186
551229,"Moritzburg","01468","Sachsen",1468
1269732,"Moritzheim","56865","Rheinland-Pfalz",56865
451712,"Mörlen","57583","Rheinland-Pfalz",57583
163730,"Mörlenbach","69509","Hessen",69509
943554,"Mörnsheim","91804","Bayern",91804
173872,"Morsbach","51597","Nordrhein-Westfalen",51597
453170,"Mörsbach","57629","Rheinland-Pfalz",57629
1241482,"Mörschbach","55494","Rheinland-Pfalz",55494
1256948,"Morscheid","54317","Rheinland-Pfalz",54317
452212,"Morschen","34326","Hessen",34326
1254068,"Morschheim","67294","Rheinland-Pfalz",67294
1245142,"Mörschied","55758","Rheinland-Pfalz",55758
1266502,"Mörsdorf","56290","Rheinland-Pfalz",56290
2778391,"Mörsdorf","07646","Thüringen",7646
2634803,"Mörsfeld","67808","Rheinland-Pfalz",67808
1182307,"Morshausen","56283","Rheinland-Pfalz",56283
1248702,"Mörstadt","67591","Rheinland-Pfalz",67591
403743,"Mosbach","74821","Baden-Württemberg",74821
1075135,"Mosbruch","56767","Rheinland-Pfalz",56767
535130,"Moschheim","56424","Rheinland-Pfalz",56424
1266511,"Moselkern","56254","Rheinland-Pfalz",56254
395864,"Möser","39175","Sachsen-Anhalt",39175
395864,"Möser","39291","Sachsen-Anhalt",39291
451797,"Mossautal","64756","Hessen",64756
2179195,"Moßbach","07907","Thüringen",7907
2778717,"Mössingen","72116","Baden-Württemberg",72116
384318,"Motten","97786","Bayern",97786
962464,"Möttingen","86753","Bayern",86753
966621,"Mötzing","93099","Bayern",93099
722072,"Mötzingen","71159","Baden-Württemberg",71159
2179194,"Moxa","07381","Thüringen",7381
422846,"Mözen","23795","Schleswig-Holstein",23795
173117,"Much","53804","Nordrhein-Westfalen",53804
310384,"Mucheln","24238","Schleswig-Holstein",24238
2406074,"Mücheln (Geiseltal)","06249","Sachsen-Anhalt",6249
2406074,"Mücheln (Geiseltal)","06255","Sachsen-Anhalt",6255
2406074,"Mücheln (Geiseltal)","06268","Sachsen-Anhalt",6268
2406074,"Mücheln (Geiseltal)","06632","Sachsen-Anhalt",6632
1451556,"Muchow","19300","Mecklenburg-Vorpommern",19300
1316259,"Mücka","02906","Sachsen",2906
418338,"Mücke","35325","Hessen",35325
1085809,"Mückeln","54558","Rheinland-Pfalz",54558
403736,"Mudau","69427","Baden-Württemberg",69427
1375205,"Müden (Aller)","38539","Niedersachsen",38539
453171,"Mudenbach","57614","Rheinland-Pfalz",57614
1116412,"Müden (Mosel)","56254","Rheinland-Pfalz",56254
422320,"Mudersbach","57555","Rheinland-Pfalz",57555
538931,"Mudershausen","65623","Rheinland-Pfalz",65623
535249,"Mügeln","04769","Sachsen",4769
907209,"Muggensturm","76461","Baden-Württemberg",76461
455486,"Müglitztal","01809","Sachsen",1809
553520,"Mühbrook","24582","Schleswig-Holstein",24582
358085,"Mühlacker","75417","Baden-Württemberg",75417
412401,"Mühlau","09241","Sachsen",9241
1303470,"Mühlberg/Elbe","04895","Brandenburg",4895
1303470,"Mühlberg/Elbe","04931","Brandenburg",4931
941004,"Mühldorf a. Inn","84453","Bayern",84453
453021,"Mühlenbach","77796","Baden-Württemberg",77796
450225,"Mühlenbarbek","25548","Schleswig-Holstein",25548
1310093,"Mühlenbecker Land","16515","Brandenburg",16515
1310093,"Mühlenbecker Land","16552","Brandenburg",16552
1310093,"Mühlenbecker Land","16567","Brandenburg",16567
1342390,"Mühlenberge","14662","Brandenburg",14662
1444891,"Mühlen Eichsen","19205","Mecklenburg-Vorpommern",19205
555912,"Mühlenfließ","14822","Brandenburg",14822
555912,"Mühlenfließ","14823","Brandenburg",14823
1466069,"Mühlenrade","21493","Schleswig-Holstein",21493
443862,"Mühlental","08626","Sachsen",8626
453374,"Mühlhausen","69242","Baden-Württemberg",69242
1016517,"Mühlhausen","96172","Bayern",96172
1028809,"Mühlhausen","92360","Bayern",92360
1104552,"Mühlhausen-Ehingen","78259","Baden-Württemberg",78259
2788184,"Mühlhausen im Täle","73347","Baden-Württemberg",73347
2895773,"Mühlhausen/Thüringen","99974","Thüringen",99974
659749,"Mühlheim am Main","63165","Hessen",63165
1231978,"Mühlheim an der Donau","78570","Baden-Württemberg",78570
1236165,"Mühlingen","78357","Baden-Württemberg",78357
1182318,"Mühlpfad","56291","Rheinland-Pfalz",56291
1965800,"Mühl Rosin","18276","Mecklenburg-Vorpommern",18276
452413,"Mühltal","64367","Hessen",64367
1015094,"Muhr am See","91735","Bayern",91735
1152668,"Mülbach","54636","Rheinland-Pfalz",54636
416542,"Mulda/Sa.","09619","Sachsen",9619
443783,"Muldenhammer","08262","Sachsen",8262
1329610,"Muldestausee","06774","Sachsen-Anhalt",6774
376870,"Mulfingen","74673","Baden-Württemberg",74673
1258369,"Mülheim an der Mosel","54486","Rheinland-Pfalz",54486
62385,"Mülheim an der Ruhr","45468","Nordrhein-Westfalen",45468
62385,"Mülheim an der Ruhr","45470","Nordrhein-Westfalen",45470
62385,"Mülheim an der Ruhr","45472","Nordrhein-Westfalen",45472
62385,"Mülheim an der Ruhr","45473","Nordrhein-Westfalen",45473
62385,"Mülheim an der Ruhr","45475","Nordrhein-Westfalen",45475
62385,"Mülheim an der Ruhr","45476","Nordrhein-Westfalen",45476
62385,"Mülheim an der Ruhr","45478","Nordrhein-Westfalen",45478
62385,"Mülheim an der Ruhr","45479","Nordrhein-Westfalen",45479
62385,"Mülheim an der Ruhr","45481","Nordrhein-Westfalen",45481
548979,"Mülheim-Kärlich","56218","Rheinland-Pfalz",56218
1060434,"Müllenbach","53520","Rheinland-Pfalz",53520
1259829,"Müllenbach","56761","Rheinland-Pfalz",56761
311922,"Müllheim","79379","Baden-Württemberg",79379
1384847,"Müllrose","15299","Brandenburg",15299
417079,"Mülsen","08132","Sachsen",8132
2900111,"Mülverstedt","99947","Thüringen",99947
1021700,"Münchberg","95213","Bayern",95213
1332918,"Müncheberg","15374","Brandenburg",15374
1389675,"Münchehofe","15748","Brandenburg",15748
62428,"München","80331","Bayern",80331
62428,"München","80333","Bayern",80333
62428,"München","80335","Bayern",80335
62428,"München","80336","Bayern",80336
62428,"München","80337","Bayern",80337
62428,"München","80339","Bayern",80339
62428,"München","80469","Bayern",80469
62428,"München","80538","Bayern",80538
62428,"München","80539","Bayern",80539
62428,"München","80634","Bayern",80634
62428,"München","80636","Bayern",80636
62428,"München","80637","Bayern",80637
62428,"München","80638","Bayern",80638
62428,"München","80639","Bayern",80639
62428,"München","80686","Bayern",80686
62428,"München","80687","Bayern",80687
62428,"München","80689","Bayern",80689
62428,"München","80796","Bayern",80796
62428,"München","80797","Bayern",80797
62428,"München","80798","Bayern",80798
62428,"München","80799","Bayern",80799
62428,"München","80801","Bayern",80801
62428,"München","80802","Bayern",80802
62428,"München","80803","Bayern",80803
62428,"München","80804","Bayern",80804
62428,"München","80805","Bayern",80805
62428,"München","80807","Bayern",80807
62428,"München","80809","Bayern",80809
62428,"München","80933","Bayern",80933
62428,"München","80935","Bayern",80935
62428,"München","80937","Bayern",80937
62428,"München","80939","Bayern",80939
62428,"München","80992","Bayern",80992
62428,"München","80993","Bayern",80993
62428,"München","80995","Bayern",80995
62428,"München","80997","Bayern",80997
62428,"München","80999","Bayern",80999
62428,"München","81241","Bayern",81241
62428,"München","81243","Bayern",81243
62428,"München","81245","Bayern",81245
62428,"München","81247","Bayern",81247
62428,"München","81249","Bayern",81249
62428,"München","81369","Bayern",81369
62428,"München","81371","Bayern",81371
62428,"München","81373","Bayern",81373
62428,"München","81375","Bayern",81375
62428,"München","81377","Bayern",81377
62428,"München","81379","Bayern",81379
62428,"München","81475","Bayern",81475
62428,"München","81476","Bayern",81476
62428,"München","81477","Bayern",81477
62428,"München","81479","Bayern",81479
62428,"München","81539","Bayern",81539
62428,"München","81541","Bayern",81541
62428,"München","81543","Bayern",81543
62428,"München","81545","Bayern",81545
62428,"München","81547","Bayern",81547
62428,"München","81549","Bayern",81549
62428,"München","81667","Bayern",81667
62428,"München","81669","Bayern",81669
62428,"München","81671","Bayern",81671
62428,"München","81673","Bayern",81673
62428,"München","81675","Bayern",81675
62428,"München","81677","Bayern",81677
62428,"München","81679","Bayern",81679
62428,"München","81735","Bayern",81735
62428,"München","81737","Bayern",81737
62428,"München","81739","Bayern",81739
62428,"München","81825","Bayern",81825
62428,"München","81827","Bayern",81827
62428,"München","81829","Bayern",81829
62428,"München","81925","Bayern",81925
62428,"München","81927","Bayern",81927
62428,"München","81929","Bayern",81929
62428,"München","85540","Bayern",85540
2804468,"Münchenbernsdorf","07589","Thüringen",7589
225481,"Münchhausen","35117","Hessen",35117
380979,"Münchsmünster","85126","Bayern",85126
357014,"Münchsteinach","91481","Bayern",91481
1244214,"Münchwald","55595","Rheinland-Pfalz",55595
1252770,"Münchweiler am Klingbach","76857","Rheinland-Pfalz",76857
1254712,"Münchweiler an der Alsenz","67728","Rheinland-Pfalz",67728
1251057,"Münchweiler an der Rodalb","66955","Rheinland-Pfalz",66955
1251057,"Münchweiler an der Rodalb","66981","Rheinland-Pfalz",66981
405295,"Mundelsheim","74395","Baden-Württemberg",74395
2803400,"Munderkingen","89597","Baden-Württemberg",89597
453172,"Mündersbach","56271","Rheinland-Pfalz",56271
548052,"Münk","56729","Rheinland-Pfalz",56729
1149280,"Munkbrarup","24960","Schleswig-Holstein",24960
383695,"Münnerstadt","97702","Bayern",97702
962602,"Munningen","86754","Bayern",86754
935105,"Münsing","82541","Bayern",82541
2774199,"Münsingen","72525","Baden-Württemberg",72525
1809014,"Munster","29633","Niedersachsen",29633
62591,"Münster","48143","Nordrhein-Westfalen",48143
62591,"Münster","48145","Nordrhein-Westfalen",48145
62591,"Münster","48147","Nordrhein-Westfalen",48147
62591,"Münster","48149","Nordrhein-Westfalen",48149
62591,"Münster","48151","Nordrhein-Westfalen",48151
62591,"Münster","48153","Nordrhein-Westfalen",48153
62591,"Münster","48155","Nordrhein-Westfalen",48155
62591,"Münster","48157","Nordrhein-Westfalen",48157
62591,"Münster","48159","Nordrhein-Westfalen",48159
62591,"Münster","48161","Nordrhein-Westfalen",48161
62591,"Münster","48163","Nordrhein-Westfalen",48163
62591,"Münster","48165","Nordrhein-Westfalen",48165
62591,"Münster","48167","Nordrhein-Westfalen",48167
962251,"Münster","86692","Bayern",86692
1253882,"Münsterappel","67822","Rheinland-Pfalz",67822
450519,"Münsterdorf","25587","Schleswig-Holstein",25587
964149,"Münsterhausen","86505","Bayern",86505
452392,"Münster (Hessen)","64839","Hessen",64839
543127,"Münstermaifeld","56294","Rheinland-Pfalz",56294
1239648,"Münster-Sarmsheim","55424","Rheinland-Pfalz",55424
72264,"Münstertal/Schwarzwald","79244","Baden-Württemberg",79244
446510,"Münzenberg","35516","Hessen",35516
1433744,"Murchin","17390","Mecklenburg-Vorpommern",17390
2787776,"Murg","79730","Baden-Württemberg",79730
1074561,"Mürlenbach","54570","Rheinland-Pfalz",54570
939375,"Murnau am Staffelsee","82418","Bayern",82418
405294,"Murr","71711","Baden-Württemberg",71711
66285,"Murrhardt","71540","Baden-Württemberg",71540
1060433,"Müsch","53533","Rheinland-Pfalz",53533
453173,"Müschenbach","57629","Rheinland-Pfalz",57629
1467719,"Müssen","21516","Schleswig-Holstein",21516
1476162,"Mustin","23911","Schleswig-Holstein",23911
1964780,"Mustin","19406","Mecklenburg-Vorpommern",19406
1258869,"Musweiler","54534","Rheinland-Pfalz",54534
915411,"Mutlangen","73557","Baden-Württemberg",73557
1241645,"Mutterschied","55469","Rheinland-Pfalz",55469
418405,"Mutterstadt","67112","Rheinland-Pfalz",67112
1108066,"Mützenich","54608","Rheinland-Pfalz",54608
1171848,"Muxerath","54673","Rheinland-Pfalz",54673
962202,"Nabburg","92507","Bayern",92507
1800166,"Nachrodt-Wiblingwerde","58769","Nordrhein-Westfalen",58769
548053,"Nachtsheim","56729","Rheinland-Pfalz",56729
1248584,"Nack","55234","Rheinland-Pfalz",55234
1239645,"Nackenheim","55299","Rheinland-Pfalz",55299
1407738,"Nadrensee","17329","Mecklenburg-Vorpommern",17329
1022869,"Nagel","95697","Bayern",95697
1177445,"Nagold","72202","Baden-Württemberg",72202
422706,"Nahe","23866","Schleswig-Holstein",23866
1271109,"Nahetal-Waldau","98553","Thüringen",98553
1271109,"Nahetal-Waldau","98667","Thüringen",98667
1376687,"Nahrendorf","21369","Niedersachsen",21369
1021706,"Naila","95119","Bayern",95119
1184568,"Nalbach","66809","Saarland",66809
1184601,"Namborn","66640","Saarland",66640
29825,"Nandlstadt","85395","Bayern",85395
29825,"Nandlstadt","85405","Bayern",85405
1241647,"Nannhausen","55469","Rheinland-Pfalz",55469
1246487,"Nanzdietschweiler","66909","Rheinland-Pfalz",66909
1171886,"Nasingen","54673","Rheinland-Pfalz",54673
540068,"Nassau","56377","Rheinland-Pfalz",56377
943542,"Nassenfels","85128","Bayern",85128
540463,"Nastätten","56355","Rheinland-Pfalz",56355
1460247,"Natendorf","29587","Niedersachsen",29587
1152684,"Nattenheim","54636","Rheinland-Pfalz",54636
2791906,"Nattheim","89564","Baden-Württemberg",89564
1262688,"Nauen","14641","Brandenburg",14641
2857010,"Nauendorf","99448","Thüringen",99448
444540,"Nauheim","64569","Hessen",64569
453721,"Naumburg","34311","Hessen",34311
2403974,"Naumburg (Saale)","06618","Sachsen-Anhalt",6618
2403974,"Naumburg (Saale)","06628","Sachsen-Anhalt",6628
535246,"Naundorf","04758","Sachsen",4758
535246,"Naundorf","04769","Sachsen",4769
543128,"Naunheim","56753","Rheinland-Pfalz",56753
422341,"Naunhof","04683","Sachsen",4683
532373,"Nauort","56237","Rheinland-Pfalz",56237
1255926,"Naurath (Eifel)","54340","Rheinland-Pfalz",54340
1257093,"Naurath (Wald)","54426","Rheinland-Pfalz",54426
421915,"Nauroth","57583","Rheinland-Pfalz",57583
2362540,"Nausitz","06571","Thüringen",6571
2778392,"Nausnitz","07616","Thüringen",7616
2899676,"Nazza","99826","Thüringen",99826
1428597,"Nebel","25946","Schleswig-Holstein",25946
1307668,"Nebelschütz","01920","Sachsen",1920
2395647,"Nebra (Unstrut)","06642","Sachsen-Anhalt",6642
453371,"Neckarbischofsheim","74924","Baden-Württemberg",74924
453391,"Neckargemünd","69151","Baden-Württemberg",69151
403749,"Neckargerach","69437","Baden-Württemberg",69437
537067,"Neckarsteinach","69239","Hessen",69239
410471,"Neckarsulm","74172","Baden-Württemberg",74172
2796304,"Neckartailfingen","72666","Baden-Württemberg",72666
2796402,"Neckartenzlingen","72654","Baden-Württemberg",72654
935920,"Neckarwestheim","74382","Baden-Württemberg",74382
403742,"Neckarzimmern","74865","Baden-Württemberg",74865
1419839,"Neddemin","17039","Mecklenburg-Vorpommern",17039
1269729,"Neef","56858","Rheinland-Pfalz",56858
2789639,"Neenstetten","89189","Baden-Württemberg",89189
1387448,"Neetze","21398","Niedersachsen",21398
1419916,"Neetzka","17349","Mecklenburg-Vorpommern",17349
3422079,"Neetzow-Liepen","17391","Mecklenburg-Vorpommern",17391
1184660,"Negenborn","37643","Niedersachsen",37643
553511,"Negenharrie","24625","Schleswig-Holstein",24625
422876,"Negernbötel","23795","Schleswig-Holstein",23795
406901,"Nehms","23813","Schleswig-Holstein",23813
310404,"Nehmten","24326","Schleswig-Holstein",24326
1259310,"Nehren","56820","Rheinland-Pfalz",56820
2778731,"Nehren","72147","Baden-Württemberg",72147
1075151,"Neichen","54552","Rheinland-Pfalz",54552
1140557,"Neidenbach","54657","Rheinland-Pfalz",54657
1249990,"Neidenfels","67468","Rheinland-Pfalz",67468
453369,"Neidenstein","74933","Baden-Württemberg",74933
2900135,"Neidhartshausen","36452","Thüringen",36452
2795185,"Neidlingen","73272","Baden-Württemberg",73272
1311136,"Neißeaue","02829","Sachsen",2829
1322606,"Neiße-Malxetal","03159","Brandenburg",3159
1384826,"Neißemünde","15898","Brandenburg",15898
418866,"Neitersen","57638","Rheinland-Pfalz",57638
2772188,"Nellingen","89191","Baden-Württemberg",89191
2396221,"Nemsdorf-Göhrendorf","06268","Sachsen-Anhalt",6268
2012365,"Nenndorf","26556","Niedersachsen",26556
1266348,"Nennhausen","14715","Brandenburg",14715
1015143,"Nennslingen","91790","Bayern",91790
238954,"Nentershausen","36214","Hessen",36214
453843,"Nentershausen","56412","Rheinland-Pfalz",56412
970193,"Nerdlen","54552","Rheinland-Pfalz",54552
2791018,"Nerenstetten","89129","Baden-Württemberg",89129
2791979,"Neresheim","73450","Baden-Württemberg",73450
532320,"Neritz","23843","Schleswig-Holstein",23843
1074565,"Neroth","54570","Rheinland-Pfalz",54570
941074,"Nersingen","89278","Bayern",89278
1246774,"Nerzweiler","67749","Rheinland-Pfalz",67749
1307710,"Neschwitz","02699","Sachsen",2699
2816450,"Nesse-Apfelstädt","99192","Thüringen",99192
448300,"Nesselwang","87484","Bayern",87484
163260,"Netphen","57250","Nordrhein-Westfalen",57250
310418,"Nettelsee","24250","Schleswig-Holstein",24250
158159,"Nettersheim","53947","Nordrhein-Westfalen",53947
88686,"Nettetal","41334","Nordrhein-Westfalen",41334
538927,"Netzbach","65623","Rheinland-Pfalz",65623
446592,"Netzschkau","08491","Sachsen",8491
968897,"Neualbenreuth","95698","Bayern",95698
418434,"Neu-Anspach","61267","Hessen",61267
1246416,"Neu-Bamberg","55546","Rheinland-Pfalz",55546
374180,"Neu Bartelshagen","18442","Mecklenburg-Vorpommern",18442
1149458,"Neuberend","24879","Schleswig-Holstein",24879
535893,"Neuberg","63543","Hessen",63543
2186928,"Neubeuern","83115","Bayern",83115
2168248,"Neubiberg","85579","Bayern",85579
1432698,"Neu Boltenhagen","17509","Mecklenburg-Vorpommern",17509
1474205,"Neubörger","26909","Niedersachsen",26909
62705,"Neubrandenburg","17033","Mecklenburg-Vorpommern",17033
62705,"Neubrandenburg","17034","Mecklenburg-Vorpommern",17034
62705,"Neubrandenburg","17036","Mecklenburg-Vorpommern",17036
180668,"Neubrunn","97277","Bayern",97277
2828207,"Neubrunn","98617","Thüringen",98617
394352,"Neubukow","18233","Mecklenburg-Vorpommern",18233
1183344,"Neubulach","75385","Baden-Württemberg",75385
1183344,"Neubulach","75387","Baden-Württemberg",75387
1515659,"Neuburg","23974","Mecklenburg-Vorpommern",23974
964465,"Neuburg a.d.Kammel","86476","Bayern",86476
958106,"Neuburg a.Inn","94036","Bayern",94036
958106,"Neuburg a.Inn","94127","Bayern",94127
1250484,"Neuburg am Rhein","76776","Rheinland-Pfalz",76776
943684,"Neuburg an der Donau","86633","Bayern",86633
934741,"Neuching","85467","Bayern",85467
1821290,"Neu Darchau","29490","Niedersachsen",29490
409713,"Neudenau","74861","Baden-Württemberg",74861
548495,"Neudorf-Bornstein","24214","Schleswig-Holstein",24214
1022781,"Neudrossenfeld","95512","Bayern",95512
548610,"Neu Duvenstedt","24791","Schleswig-Holstein",24791
548610,"Neu Duvenstedt","24794","Schleswig-Holstein",24794
549411,"Neu-Eichenberg","37249","Hessen",37249
447313,"Neuenbrook","25361","Schleswig-Holstein",25361
447313,"Neuenbrook","25578","Schleswig-Holstein",25578
57977,"Neuenbürg","75305","Baden-Württemberg",75305
270514,"Neuenburg am Rhein","79395","Baden-Württemberg",79395
443193,"Neuendeich","25436","Schleswig-Holstein",25436
534383,"Neuendettelsau","91564","Bayern",91564
349449,"Neuendorf","97788","Bayern",97788
1108047,"Neuendorf","54597","Rheinland-Pfalz",54597
447189,"Neuendorf bei Elmshorn","25335","Schleswig-Holstein",25335
448018,"Neuendorf-Sachsenbande","25554","Schleswig-Holstein",25554
2778393,"Neuengönna","07778","Thüringen",7778
422841,"Neuengörs","23818","Schleswig-Holstein",23818
1332933,"Neuenhagen bei Berlin","15366","Brandenburg",15366
1818448,"Neuenhaus","49828","Niedersachsen",49828
155792,"Neuenkirchen","48485","Nordrhein-Westfalen",48485
415687,"Neuenkirchen","25792","Schleswig-Holstein",25792
444928,"Neuenkirchen","21640","Niedersachsen",21640
955239,"Neuenkirchen","17498","Mecklenburg-Vorpommern",17498
1419833,"Neuenkirchen","17039","Mecklenburg-Vorpommern",17039
1432557,"Neuenkirchen","17392","Mecklenburg-Vorpommern",17392
1438073,"Neuenkirchen","18569","Mecklenburg-Vorpommern",18569
1461194,"Neuenkirchen","27251","Niedersachsen",27251
1520089,"Neuenkirchen","21763","Niedersachsen",21763
1809015,"Neuenkirchen","29643","Niedersachsen",29643
1817154,"Neuenkirchen","49586","Niedersachsen",49586
1398893,"Neuenkirchen-Vörden","49434","Niedersachsen",49434
1022766,"Neuenmarkt","95339","Bayern",95339
168536,"Neuenrade","58809","Nordrhein-Westfalen",58809
446588,"Neuensalz","08541","Sachsen",8541
409711,"Neuenstadt am Kocher","74196","Baden-Württemberg",74196
275111,"Neuenstein","36286","Hessen",36286
377233,"Neuenstein","74632","Baden-Württemberg",74632
452213,"Neuental","34599","Hessen",34599
1171891,"Neuerburg","54673","Rheinland-Pfalz",54673
1241623,"Neuerkirch","55471","Rheinland-Pfalz",55471
30012,"Neufahrn bei Freising","85375","Bayern",85375
30012,"Neufahrn bei Freising","85376","Bayern",85376
179321,"Neufahrn in Niederbayern","84088","Bayern",84088
935336,"Neufeld","25724","Schleswig-Holstein",25724
935261,"Neufelderkoog","25724","Schleswig-Holstein",25724
2795787,"Neuffen","72639","Baden-Württemberg",72639
2805404,"Neufra","72419","Baden-Württemberg",72419
191693,"Neufraunhofen","84181","Bayern",84181
1451582,"Neu Gülze","19258","Mecklenburg-Vorpommern",19258
1332944,"Neuhardenberg","15320","Brandenburg",15320
2012457,"Neuharlingersiel","26427","Niedersachsen",26427
1527083,"Neuhaus","21785","Niedersachsen",21785
966149,"Neuhaus a.d.Pegnitz","91284","Bayern",91284
958124,"Neuhaus am Inn","94152","Bayern",94152
1273176,"Neuhaus am Rennweg","98724","Thüringen",98724
453844,"Neuhäusel","56335","Rheinland-Pfalz",56335
308245,"Neuhausen","75242","Baden-Württemberg",75242
2796537,"Neuhausen auf den Fildern","73765","Baden-Württemberg",73765
416545,"Neuhausen/Erzgebirge","09544","Sachsen",9544
1231969,"Neuhausen ob Eck","78579","Baden-Württemberg",78579
1322563,"Neuhausen/Spree","03058","Brandenburg",3058
1273179,"Neuhaus-Schierschnitz","96524","Thüringen",96524
1140563,"Neuheilenbach","54597","Rheinland-Pfalz",54597
1186698,"Neuhemsbach","67680","Rheinland-Pfalz",67680
454881,"Neuhof","36119","Hessen",36119
357053,"Neuhof a.d.Zenn","90616","Bayern",90616
418403,"Neuhofen","67141","Rheinland-Pfalz",67141
349416,"Neuhütten","97843","Bayern",97843
1257092,"Neuhütten","54422","Rheinland-Pfalz",54422
659742,"Neu-Isenburg","63263","Hessen",63263
1427275,"Neukalen","17154","Mecklenburg-Vorpommern",17154
1451593,"Neu Kaliß","19294","Mecklenburg-Vorpommern",19294
2012932,"Neukamperfehn","26835","Niedersachsen",26835
420480,"Neukieritzsch","04575","Sachsen",4575
1307662,"Neukirch","01936","Sachsen",1936
2806601,"Neukirch","88099","Baden-Württemberg",88099
382422,"Neukirchen","23779","Schleswig-Holstein",23779
452198,"Neukirchen","34626","Hessen",34626
959649,"Neukirchen","94362","Bayern",94362
1418943,"Neukirchen","25927","Schleswig-Holstein",25927
962088,"Neukirchen-Balbini","92445","Bayern",92445
959920,"Neukirchen beim Heiligen Blut","93453","Bayern",93453
1028546,"Neukirchen bei Sulzbach-Rosenberg","92259","Bayern",92259
536007,"Neukirchen/Erzgebirge","09221","Sachsen",9221
417073,"Neukirchen/Pleiße","08459","Sachsen",8459
58622,"Neukirchen-Vluyn","47506","Nordrhein-Westfalen",47506
958116,"Neukirchen vorm Wald","94154","Bayern",94154
1307620,"Neukirch/Lausitz","01904","Sachsen",1904
1515759,"Neukloster","23992","Mecklenburg-Vorpommern",23992
1432537,"Neu Kosenow","17398","Mecklenburg-Vorpommern",17398
1474207,"Neulehe","26909","Niedersachsen",26909
1249677,"Neuleiningen","67271","Rheinland-Pfalz",67271
915449,"Neuler","73491","Baden-Württemberg",73491
1332956,"Neulewin","16259","Brandenburg",16259
55218,"Neulingen","75245","Baden-Württemberg",75245
453414,"Neulußheim","68809","Baden-Württemberg",68809
1258387,"Neumagen-Dhron","54347","Rheinland-Pfalz",54347
446596,"Neumark","08496","Sachsen",8496
2856454,"Neumark","99439","Thüringen",99439
1028812,"Neumarkt i.d.OPf.","92318","Bayern",92318
1028812,"Neumarkt i.d.OPf.","92348","Bayern",92348
944899,"Neumarkt-Sankt Veit","84494","Bayern",84494
2788892,"Neumühle/Elster","07980","Thüringen",7980
62528,"Neumünster","24534","Schleswig-Holstein",24534
62528,"Neumünster","24536","Schleswig-Holstein",24536
62528,"Neumünster","24537","Schleswig-Holstein",24537
62528,"Neumünster","24539","Schleswig-Holstein",24539
962087,"Neunburg vorm Wald","92431","Bayern",92431
2179196,"Neundorf","07356","Thüringen",7356
2179197,"Neundorf","07924","Thüringen",7924
2903168,"Neunheilingen","99947","Thüringen",99947
451713,"Neunkhausen","57520","Rheinland-Pfalz",57520
163257,"Neunkirchen","57290","Nordrhein-Westfalen",57290
393540,"Neunkirchen","63930","Bayern",63930
403751,"Neunkirchen","74867","Baden-Württemberg",74867
533254,"Neunkirchen","56479","Rheinland-Pfalz",56479
1187145,"Neunkirchen","66538","Saarland",66538
1187145,"Neunkirchen","66539","Saarland",66539
1187145,"Neunkirchen","66540","Saarland",66540
1258417,"Neunkirchen","54426","Rheinland-Pfalz",54426
1080490,"Neunkirchen a.Brand","91077","Bayern",91077
1246625,"Neunkirchen am Potzberg","66887","Rheinland-Pfalz",66887
1017484,"Neunkirchen a. Sand","91233","Bayern",91233
173122,"Neunkirchen-Seelscheid","53819","Nordrhein-Westfalen",53819
942028,"Neuötting","84524","Bayern",84524
1314218,"Neupetershain","03103","Brandenburg",3103
449894,"Neu Poserin","19399","Mecklenburg-Vorpommern",19399
1250428,"Neupotz","76777","Rheinland-Pfalz",76777
958963,"Neureichenau","94089","Bayern",94089
306684,"Neuried","82061","Bayern",82061
306684,"Neuried","82131","Bayern",82131
452987,"Neuried","77743","Baden-Württemberg",77743
1302386,"Neuruppin","16816","Brandenburg",16816
1302386,"Neuruppin","16818","Brandenburg",16818
1302386,"Neuruppin","16827","Brandenburg",16827
1302386,"Neuruppin","16833","Brandenburg",16833
1302386,"Neuruppin","16835","Brandenburg",16835
1310910,"Neusalza-Spremberg","02742","Sachsen",2742
443135,"Neusäß","86356","Bayern",86356
958965,"Neuschönau","94556","Bayern",94556
2012366,"Neuschoo","26487","Niedersachsen",26487
1314224,"Neu-Seeland","03103","Brandenburg",3103
165450,"Neusiß","99338","Thüringen",99338
534080,"Neusitz","91616","Bayern",91616
975285,"Neusorg","95700","Bayern",95700
163307,"Neuss","41460","Nordrhein-Westfalen",41460
163307,"Neuss","41462","Nordrhein-Westfalen",41462
163307,"Neuss","41464","Nordrhein-Westfalen",41464
163307,"Neuss","41466","Nordrhein-Westfalen",41466
163307,"Neuss","41468","Nordrhein-Westfalen",41468
163307,"Neuss","41469","Nordrhein-Westfalen",41469
163307,"Neuss","41470","Nordrhein-Westfalen",41470
163307,"Neuss","41472","Nordrhein-Westfalen",41472
225497,"Neustadt","35279","Hessen",35279
444284,"Neustadt","08223","Sachsen",8223
956656,"Neustadt a.d.Donau","93333","Bayern",93333
1059448,"Neustadt a.d.Waldnaab","92660","Bayern",92660
335458,"Neustadt a.Main","97845","Bayern",97845
1059431,"Neustadt am Kulm","95514","Bayern",95514
168359,"Neustadt am Rennsteig","98701","Thüringen",98701
1162990,"Neustadt am Rübenberge","31535","Niedersachsen",31535
357040,"Neustadt an der Aisch","91413","Bayern",91413
2179198,"Neustadt an der Orla","07806","Thüringen",7806
62724,"Neustadt an der Weinstraße","67433","Rheinland-Pfalz",67433
62724,"Neustadt an der Weinstraße","67434","Rheinland-Pfalz",67434
62724,"Neustadt an der Weinstraße","67435","Rheinland-Pfalz",67435
956803,"Neustadt b.Coburg","96465","Bayern",96465
1302391,"Neustadt (Dosse)","16845","Brandenburg",16845
1457062,"Neustadt-Glewe","19306","Mecklenburg-Vorpommern",19306
2400326,"Neustadt/Harz","99762","Thüringen",99762
382433,"Neustadt in Holstein","23730","Schleswig-Holstein",23730
2321819,"Neustadt in Sachsen","01844","Sachsen",1844
533255,"Neustadt/ Westerwald","56479","Rheinland-Pfalz",56479
443470,"Neustadt (Wied)","53577","Rheinland-Pfalz",53577
2778911,"Neustetten","72149","Baden-Württemberg",72149
1419600,"Neustrelitz","17235","Mecklenburg-Vorpommern",17235
964620,"Neutraubling","93073","Bayern",93073
1332903,"Neutrebbin","15320","Brandenburg",15320
941087,"Neu-Ulm","89231","Bayern",89231
941087,"Neu-Ulm","89233","Bayern",89233
1177478,"Neuweiler","75389","Baden-Württemberg",75389
79194,"Neuwied","56564","Rheinland-Pfalz",56564
79194,"Neuwied","56566","Rheinland-Pfalz",56566
79194,"Neuwied","56567","Rheinland-Pfalz",56567
554748,"Neuwittenbek","24161","Schleswig-Holstein",24161
554748,"Neuwittenbek","24214","Schleswig-Holstein",24214
109821,"Neu Wulmstorf","21629","Niedersachsen",21629
1388875,"Neu Zauche","15913","Brandenburg",15913
1384846,"Neuzelle","15898","Brandenburg",15898
1419834,"Neverin","17039","Mecklenburg-Vorpommern",17039
444231,"Neversdorf","23816","Schleswig-Holstein",23816
1255913,"Newel","54309","Rheinland-Pfalz",54309
1182305,"Ney","56283","Rheinland-Pfalz",56283
544323,"Nickenich","56645","Rheinland-Pfalz",56645
450118,"Nidda","63667","Hessen",63667
450119,"Niddatal","61194","Hessen",61194
535891,"Nidderau","61130","Hessen",61130
163312,"Nideggen","52385","Nordrhein-Westfalen",52385
1428591,"Nieblum","25938","Schleswig-Holstein",25938
1428482,"Niebüll","25899","Schleswig-Holstein",25899
1145095,"Nieby","24395","Schleswig-Holstein",24395
1410901,"Nieden","17309","Mecklenburg-Vorpommern",17309
452199,"Niedenstein","34305","Hessen",34305
534485,"Niederahr","56414","Rheinland-Pfalz",56414
180680,"Niederaichbach","84100","Bayern",84100
1246627,"Niederalben","66887","Rheinland-Pfalz",66887
959826,"Niederalteich","94557","Bayern",94557
546773,"Niederau","01689","Sachsen",1689
275099,"Niederaula","36272","Hessen",36272
540464,"Niederbachheim","56357","Rheinland-Pfalz",56357
940967,"Niederbergkirchen","84494","Bayern",84494
2388837,"Niederbösa","99718","Thüringen",99718
444276,"Niederbreitbach","56589","Rheinland-Pfalz",56589
1244319,"Niederbrombach","55767","Rheinland-Pfalz",55767
1190014,"Niederburg","55432","Rheinland-Pfalz",55432
536005,"Niederdorf","09366","Sachsen",9366
535889,"Niederdorfelden","61138","Hessen",61138
421950,"Niederdreisbach","57520","Rheinland-Pfalz",57520
1050570,"Niederdürenbach","56651","Rheinland-Pfalz",56651
1286651,"Niedere Börde","39326","Sachsen-Anhalt",39326
1286651,"Niedere Börde","39345","Sachsen-Anhalt",39345
453845,"Niederelbert","56412","Rheinland-Pfalz",56412
453846,"Niedererbach","56412","Rheinland-Pfalz",56412
422438,"Niederer Fläming","14913","Brandenburg",14913
1242306,"Niedereschach","78078","Baden-Württemberg",78078
546648,"Niederfell","56332","Rheinland-Pfalz",56332
1318357,"Niederfinow","16248","Brandenburg",16248
422322,"Niederfischbach","57572","Rheinland-Pfalz",57572
283718,"Niederfrohna","09243","Sachsen",9243
956864,"Niederfüllbach","96489","Bayern",96489
2400612,"Niedergebra","99759","Thüringen",99759
1171878,"Niedergeckler","54675","Rheinland-Pfalz",54675
422460,"Niedergörsdorf","14913","Brandenburg",14913
1244313,"Niederhambach","55767","Rheinland-Pfalz",55767
1244038,"Niederhausen","55585","Rheinland-Pfalz",55585
2634804,"Niederhausen an der Appel","67822","Rheinland-Pfalz",67822
1245247,"Niederheimbach","55413","Rheinland-Pfalz",55413
1245800,"Nieder-Hilbersheim","55437","Rheinland-Pfalz",55437
445746,"Niederhofen","56316","Rheinland-Pfalz",56316
1252828,"Niederhorbach","76889","Rheinland-Pfalz",76889
1245114,"Niederhosenbach","55758","Rheinland-Pfalz",55758
420574,"Niederirsen","57589","Rheinland-Pfalz",57589
104040,"Niederkassel","53859","Nordrhein-Westfalen",53859
1186696,"Niederkirchen","67700","Rheinland-Pfalz",67700
1249973,"Niederkirchen bei Deidesheim","67150","Rheinland-Pfalz",67150
552968,"Nieder Kostenz","55481","Rheinland-Pfalz",55481
88745,"Niederkrüchten","41372","Nordrhein-Westfalen",41372
1241630,"Niederkumbd","55469","Rheinland-Pfalz",55469
1748612,"Niederlangen","49779","Niedersachsen",49779
1108073,"Niederlauch","54614","Rheinland-Pfalz",54614
387469,"Niederlauer","97618","Bayern",97618
1253800,"Niedermohr","66879","Rheinland-Pfalz",66879
1253867,"Niedermoschel","67822","Rheinland-Pfalz",67822
962085,"Niedermurach","92545","Bayern",92545
395435,"Niedernberg","63843","Bayern",63843
538923,"Niederneisen","65629","Rheinland-Pfalz",65629
376924,"Niedernhall","74676","Baden-Württemberg",74676
413450,"Niedernhausen","65527","Hessen",65527
1169410,"Niedernwöhren","31712","Niedersachsen",31712
1258882,"Niederöfflingen","54533","Rheinland-Pfalz",54533
1239640,"Nieder-Olm","55268","Rheinland-Pfalz",55268
2813068,"Niederorschel","37355","Thüringen",37355
1252821,"Niederotterbach","76889","Rheinland-Pfalz",76889
1113762,"Niederpierscheid","54649","Rheinland-Pfalz",54649
1171863,"Niederraden","54675","Rheinland-Pfalz",54675
958630,"Niederrieden","87767","Bayern",87767
533256,"Niederroßbach","56479","Rheinland-Pfalz",56479
535131,"Niedersayn","56244","Rheinland-Pfalz",56244
1258870,"Niederscheidweiler","54533","Rheinland-Pfalz",54533
1251118,"Niederschlettenbach","76891","Rheinland-Pfalz",76891
962265,"Niederschönenfeld","86694","Bayern",86694
1245179,"Niedersohren","55487","Rheinland-Pfalz",55487
1085795,"Niederstadtfeld","54570","Rheinland-Pfalz",54570
1252362,"Niederstaufenbach","66879","Rheinland-Pfalz",66879
1152688,"Niederstedem","54634","Rheinland-Pfalz",54634
415013,"Niedersteinebach","56593","Rheinland-Pfalz",56593
402688,"Niederstetten","97996","Baden-Württemberg",97996
2791725,"Niederstotzingen","89168","Baden-Württemberg",89168
1182311,"Niedert","56291","Rheinland-Pfalz",56291
940966,"Niedertaufkirchen","84494","Bayern",84494
539708,"Niedertiefenbach","56368","Rheinland-Pfalz",56368
2856457,"Niedertrebra","99518","Thüringen",99518
959907,"Niederviehbach","84183","Bayern",84183
540465,"Niederwallmenach","56357","Rheinland-Pfalz",56357
445737,"Niederwambach","57614","Rheinland-Pfalz",57614
1152706,"Niederweiler","54636","Rheinland-Pfalz",54636
1245180,"Niederweiler","55491","Rheinland-Pfalz",55491
1163503,"Niederweis","54298","Rheinland-Pfalz",54298
1163503,"Niederweis","54668","Rheinland-Pfalz",54668
318745,"Niederwerrn","97464","Bayern",97464
547362,"Niederwerth","56179","Rheinland-Pfalz",56179
401876,"Niederwiesa","09577","Sachsen",9577
1248578,"Nieder-Wiesen","55234","Rheinland-Pfalz",55234
959640,"Niederwinkling","94559","Bayern",94559
1245113,"Niederwörresbach","55758","Rheinland-Pfalz",55758
536013,"Niederwürschnitz","09399","Sachsen",9399
163305,"Niederzier","52382","Nordrhein-Westfalen",52382
2857011,"Niederzimmern","99428","Thüringen",99428
1050566,"Niederzissen","56651","Rheinland-Pfalz",56651
307876,"Niefern-Öschelbronn","75223","Baden-Württemberg",75223
148596,"Nieheim","33039","Nordrhein-Westfalen",33039
1171852,"Niehl","54646","Rheinland-Pfalz",54646
553960,"Niemegk","14823","Brandenburg",14823
1399095,"Niemetal","37127","Niedersachsen",37127
548596,"Nienborstel","24819","Schleswig-Holstein",24819
390042,"Nienburg (Saale)","06429","Sachsen-Anhalt",6429
1183257,"Nienburg/Weser","31582","Niedersachsen",31582
448769,"Nienbüttel","25596","Schleswig-Holstein",25596
1479254,"Niendorf","23923","Mecklenburg-Vorpommern",23923
1464849,"Niendorf bei Berkenthin","23919","Schleswig-Holstein",23919
1465973,"Niendorf/Stecknitz","23881","Schleswig-Holstein",23881
390656,"Nienhagen","18211","Mecklenburg-Vorpommern",18211
1796301,"Nienhagen","29336","Niedersachsen",29336
1169359,"Nienstädt","31688","Niedersachsen",31688
453726,"Nienwohld","23863","Schleswig-Holstein",23863
374190,"Niepars","18442","Mecklenburg-Vorpommern",18442
1259145,"Niersbach","54518","Rheinland-Pfalz",54518
1239636,"Nierstein","55283","Rheinland-Pfalz",55283
1145091,"Niesgrau","24395","Schleswig-Holstein",24395
1311142,"Niesky","02906","Sachsen",2906
1115034,"Nieste","34329","Hessen",34329
1115031,"Niestetal","34266","Hessen",34266
535690,"Nievern","56132","Rheinland-Pfalz",56132
2179199,"Nimritz","07381","Thüringen",7381
1108053,"Nimshuscheid","54612","Rheinland-Pfalz",54612
1108039,"Nimsreuland","54614","Rheinland-Pfalz",54614
420611,"Nindorf","25704","Schleswig-Holstein",25704
548590,"Nindorf","24594","Schleswig-Holstein",24594
453174,"Nister","57645","Rheinland-Pfalz",57645
451714,"Nisterau","56472","Rheinland-Pfalz",56472
421955,"Nisterberg","56472","Rheinland-Pfalz",56472
533257,"Nister-Möhrendorf","56477","Rheinland-Pfalz",56477
451715,"Nistertal","57647","Rheinland-Pfalz",57647
1255962,"Nittel","54453","Rheinland-Pfalz",54453
962123,"Nittenau","93149","Bayern",93149
965017,"Nittendorf","93152","Bayern",93152
1075161,"Nitz","56729","Rheinland-Pfalz",56729
2778486,"Nöbdenitz","04626","Thüringen",4626
2673575,"Nobitz","04603","Thüringen",4603
539907,"Nochern","56357","Rheinland-Pfalz",56357
2411245,"Nöda","99195","Thüringen",99195
554564,"Noer","24214","Schleswig-Holstein",24214
1244281,"Nohen","55767","Rheinland-Pfalz",55767
1184602,"Nohfelden","66625","Saarland",66625
331057,"Nohn","54578","Rheinland-Pfalz",54578
2400519,"Nohra","99735","Thüringen",99735
2857012,"Nohra","99428","Thüringen",99428
453847,"Nomborn","56412","Rheinland-Pfalz",56412
812182,"Nonnenhorn","88149","Bayern",88149
1184607,"Nonnweiler","66620","Saarland",66620
1182323,"Norath","56291","Rheinland-Pfalz",56291
447969,"Norddeich","25764","Schleswig-Holstein",25764
1428592,"Norddorf auf Amrum","25946","Schleswig-Holstein",25946
898195,"Norden","26506","Niedersachsen",26506
445852,"Nordendorf","86695","Bayern",86695
548617,"Nordenham","26954","Niedersachsen",26954
1149231,"Norderbrarup","24392","Schleswig-Holstein",24392
1397062,"Norderfriedrichskoog","25870","Schleswig-Holstein",25870
962288,"Norderheistedt","25779","Schleswig-Holstein",25779
415727,"Nordermeldorf","25704","Schleswig-Holstein",25704
2456879,"Norderney","26548","Niedersachsen",26548
1157805,"Norderstapel","25868","Schleswig-Holstein",25868
422634,"Norderstedt","22844","Schleswig-Holstein",22844
422634,"Norderstedt","22846","Schleswig-Holstein",22846
422634,"Norderstedt","22848","Schleswig-Holstein",22848
422634,"Norderstedt","22850","Schleswig-Holstein",22850
422634,"Norderstedt","22851","Schleswig-Holstein",22851
415685,"Norderwöhrden","25746","Schleswig-Holstein",25746
1156032,"Nordhackstedt","24980","Schleswig-Holstein",24980
1021742,"Nordhalben","96365","Bayern",96365
1352963,"Nordharz","38855","Sachsen-Anhalt",38855
1352963,"Nordharz","38871","Sachsen-Anhalt",38871
412881,"Nordhastedt","25785","Schleswig-Holstein",25785
2400430,"Nordhausen","99734","Thüringen",99734
410500,"Nordheim","74226","Baden-Württemberg",74226
283687,"Nordheim a.Main","97334","Bayern",97334
386920,"Nordheim v.d.Rhön","97647","Bayern",97647
533590,"Nordhofen","56242","Rheinland-Pfalz",56242
1853267,"Nordhorn","48527","Niedersachsen",48527
1853267,"Nordhorn","48529","Niedersachsen",48529
1853267,"Nordhorn","48531","Niedersachsen",48531
157718,"Nordkirchen","59394","Nordrhein-Westfalen",59394
1180040,"Nordleda","21765","Niedersachsen",21765
962465,"Nördlingen","86720","Bayern",86720
453003,"Nordrach","77787","Baden-Württemberg",77787
1169367,"Nordsehl","31717","Niedersachsen",31717
1168914,"Nordstemmen","31171","Niedersachsen",31171
1420555,"Nordstrand","25845","Schleswig-Holstein",25845
155780,"Nordwalde","48356","Nordrhein-Westfalen",48356
1334079,"Nordwestuckermark","17291","Brandenburg",17291
1244040,"Norheim","55585","Rheinland-Pfalz",55585
451716,"Norken","57629","Rheinland-Pfalz",57629
1415326,"Norstedt","25884","Schleswig-Holstein",25884
1397831,"Nörten-Hardenberg","37176","Niedersachsen",37176
546650,"Nörtershausen","56283","Rheinland-Pfalz",56283
1397834,"Northeim","37154","Niedersachsen",37154
1187428,"Nortmoor","26845","Niedersachsen",26845
448019,"Nortorf","25554","Schleswig-Holstein",25554
548558,"Nortorf","24589","Schleswig-Holstein",24589
1808623,"Nortrup","49638","Niedersachsen",49638
163311,"Nörvenich","52388","Nordrhein-Westfalen",52388
547960,"Nossen","01683","Sachsen",1683
1427215,"Nossendorf","17111","Mecklenburg-Vorpommern",17111
1424392,"Nossentiner Hütte","17214","Mecklenburg-Vorpommern",17214
1451561,"Nostorf","19258","Mecklenburg-Vorpommern",19258
1251125,"Nothweiler","76891","Rheinland-Pfalz",76891
444927,"Nottensdorf","21640","Niedersachsen",21640
1149227,"Nottfeld","24392","Schleswig-Holstein",24392
2818335,"Nottleben","99192","Thüringen",99192
157766,"Nottuln","48301","Nordrhein-Westfalen",48301
2792748,"Notzingen","73274","Baden-Württemberg",73274
548575,"Nübbel","24809","Schleswig-Holstein",24809
1149459,"Nübel","24881","Schleswig-Holstein",24881
383674,"Nüdlingen","97720","Bayern",97720
533614,"Nufringen","71154","Baden-Württemberg",71154
173876,"Nümbrecht","51588","Nordrhein-Westfalen",51588
549799,"Nünchritz","01612","Sachsen",1612
1251034,"Nünschweiler","66989","Rheinland-Pfalz",66989
1060436,"Nürburg","53520","Rheinland-Pfalz",53520
62780,"Nürnberg","90402","Bayern",90402
62780,"Nürnberg","90403","Bayern",90403
62780,"Nürnberg","90408","Bayern",90408
62780,"Nürnberg","90409","Bayern",90409
62780,"Nürnberg","90411","Bayern",90411
62780,"Nürnberg","90419","Bayern",90419
62780,"Nürnberg","90425","Bayern",90425
62780,"Nürnberg","90427","Bayern",90427
62780,"Nürnberg","90429","Bayern",90429
62780,"Nürnberg","90431","Bayern",90431
62780,"Nürnberg","90439","Bayern",90439
62780,"Nürnberg","90441","Bayern",90441
62780,"Nürnberg","90443","Bayern",90443
62780,"Nürnberg","90449","Bayern",90449
62780,"Nürnberg","90451","Bayern",90451
62780,"Nürnberg","90453","Bayern",90453
62780,"Nürnberg","90455","Bayern",90455
62780,"Nürnberg","90459","Bayern",90459
62780,"Nürnberg","90461","Bayern",90461
62780,"Nürnberg","90469","Bayern",90469
62780,"Nürnberg","90471","Bayern",90471
62780,"Nürnberg","90473","Bayern",90473
62780,"Nürnberg","90475","Bayern",90475
62780,"Nürnberg","90478","Bayern",90478
62780,"Nürnberg","90480","Bayern",90480
62780,"Nürnberg","90482","Bayern",90482
62780,"Nürnberg","90489","Bayern",90489
62780,"Nürnberg","90491","Bayern",90491
2795565,"Nürtingen","72622","Baden-Württemberg",72622
1171885,"Nusbaum","54675","Rheinland-Pfalz",54675
2779390,"Nusplingen","72362","Baden-Württemberg",72362
1246669,"Nußbach","67759","Rheinland-Pfalz",67759
1244162,"Nußbaum","55569","Rheinland-Pfalz",55569
941743,"Nußdorf","83365","Bayern",83365
2186929,"Nußdorf am Inn","83131","Bayern",83131
1465978,"Nusse","23896","Schleswig-Holstein",23896
453398,"Nußloch","69226","Baden-Württemberg",69226
393337,"Nustrow","18195","Mecklenburg-Vorpommern",18195
454882,"Nüsttal","36167","Hessen",36167
422505,"Nuthetal","14558","Brandenburg",14558
422434,"Nuthe-Urstromtal","14947","Brandenburg",14947
448558,"Nutteln","25594","Schleswig-Holstein",25594
423183,"Nützen","24568","Schleswig-Holstein",24568
534486,"Oberahr","56414","Rheinland-Pfalz",56414
1246575,"Oberalben","66871","Rheinland-Pfalz",66871
937907,"Oberammergau","82487","Bayern",82487
1253824,"Oberarnbach","66851","Rheinland-Pfalz",66851
1016396,"Oberasbach","90522","Bayern",90522
939349,"Oberau","82496","Bayern",82496
2186930,"Oberaudorf","83080","Bayern",83080
452214,"Oberaula","36280","Hessen",36280
387774,"Oberaurach","97514","Bayern",97514
540466,"Oberbachheim","56355","Rheinland-Pfalz",56355
1332904,"Oberbarnim","15377","Brandenburg",15377
940863,"Oberbergkirchen","84564","Bayern",84564
330941,"Oberbettingen","54578","Rheinland-Pfalz",54578
1255967,"Oberbillig","54331","Rheinland-Pfalz",54331
2778394,"Oberbodnitz","07646","Thüringen",7646
2794216,"Oberboihingen","72644","Baden-Württemberg",72644
2388710,"Oberbösa","99718","Thüringen",99718
1244325,"Oberbrombach","55767","Rheinland-Pfalz",55767
534270,"Oberdachstetten","91617","Bayern",91617
119962,"Oberderdingen","75038","Baden-Württemberg",75038
1245251,"Oberdiebach","55413","Rheinland-Pfalz",55413
934760,"Oberding","85445","Bayern",85445
937764,"Oberdischingen","89610","Baden-Württemberg",89610
943532,"Oberdolling","85129","Bayern",85129
445734,"Oberdreis","57639","Rheinland-Pfalz",57639
1050567,"Oberdürenbach","56651","Rheinland-Pfalz",56651
331020,"Oberehe-Stroheich","54578","Rheinland-Pfalz",54578
453848,"Oberelbert","56412","Rheinland-Pfalz",56412
387392,"Oberelsbach","97656","Bayern",97656
1075133,"Oberelz","56767","Rheinland-Pfalz",56767
418890,"Obererbach","57612","Rheinland-Pfalz",57612
534487,"Obererbach","56414","Rheinland-Pfalz",56414
2001967,"Obere Warnow","19374","Mecklenburg-Vorpommern",19374
546652,"Oberfell","56332","Rheinland-Pfalz",56332
539710,"Oberfischbach","56370","Rheinland-Pfalz",56370
1250227,"Ober-Flörsheim","55234","Rheinland-Pfalz",55234
1171889,"Obergeckler","54675","Rheinland-Pfalz",54675
161956,"Obergriesbach","86573","Bayern",86573
915447,"Obergröningen","73569","Baden-Württemberg",73569
448038,"Obergünzburg","87634","Bayern",87634
1309669,"Obergurig","02692","Sachsen",2692
538893,"Oberhaching","82041","Bayern",82041
538893,"Oberhaching","82064","Bayern",82064
532374,"Oberhaid","56237","Rheinland-Pfalz",56237
1077544,"Oberhaid","96173","Bayern",96173
1273276,"Oberhain","07426","Thüringen",7426
1244320,"Oberhambach","55765","Rheinland-Pfalz",55765
453004,"Oberharmersbach","77784","Baden-Württemberg",77784
1352954,"Oberharz am Brocken","38875","Sachsen-Anhalt",38875
1352954,"Oberharz am Brocken","38877","Sachsen-Anhalt",38877
1352954,"Oberharz am Brocken","38889","Sachsen-Anhalt",38889
1352954,"Oberharz am Brocken","38899","Sachsen-Anhalt",38899
62734,"Oberhausen","46045","Nordrhein-Westfalen",46045
62734,"Oberhausen","46047","Nordrhein-Westfalen",46047
62734,"Oberhausen","46049","Nordrhein-Westfalen",46049
62734,"Oberhausen","46117","Nordrhein-Westfalen",46117
62734,"Oberhausen","46119","Nordrhein-Westfalen",46119
62734,"Oberhausen","46145","Nordrhein-Westfalen",46145
62734,"Oberhausen","46147","Nordrhein-Westfalen",46147
62734,"Oberhausen","46149","Nordrhein-Westfalen",46149
936947,"Oberhausen","82386","Bayern",82386
943679,"Oberhausen","86697","Bayern",86697
1252819,"Oberhausen","76887","Rheinland-Pfalz",76887
1253869,"Oberhausen an der Appel","67822","Rheinland-Pfalz",67822
1244035,"Oberhausen an der Nahe","55585","Rheinland-Pfalz",55585
1244122,"Oberhausen bei Kirn","55606","Rheinland-Pfalz",55606
659809,"Oberhausen-Rheinhausen","68794","Baden-Württemberg",68794
1245250,"Oberheimbach","55413","Rheinland-Pfalz",55413
2388434,"Oberheldrungen","06577","Thüringen",6577
1245801,"Ober-Hilbersheim","55437","Rheinland-Pfalz",55437
1270650,"Oberhof","98559","Thüringen",98559
444710,"Oberhonnefeld-Gierend","56587","Rheinland-Pfalz",56587
1245139,"Oberhosenbach","55758","Rheinland-Pfalz",55758
356738,"Oberickelsheim","97258","Bayern",97258
418877,"Oberirsen","57635","Rheinland-Pfalz",57635
1140567,"Oberkail","54533","Rheinland-Pfalz",54533
2831115,"Oberkatz","98634","Thüringen",98634
452983,"Oberkirch","77704","Baden-Württemberg",77704
1245100,"Oberkirn","55624","Rheinland-Pfalz",55624
2792009,"Oberkochen","73447","Baden-Württemberg",73447
957075,"Ober Kostenz","55481","Rheinland-Pfalz",55481
1021689,"Oberkotzau","95145","Bayern",95145
1310083,"Oberkrämer","16727","Brandenburg",16727
415015,"Oberlahr","57641","Rheinland-Pfalz",57641
2010630,"Oberlangen","49779","Niedersachsen",49779
1108064,"Oberlascheid","54608","Rheinland-Pfalz",54608
1108045,"Oberlauch","54614","Rheinland-Pfalz",54614
384302,"Oberleichtersbach","97789","Bayern",97789
301040,"Oberlungwitz","09353","Sachsen",9353
957922,"Obermaiselstein","87538","Bayern",87538
2803465,"Obermarchtal","89611","Baden-Württemberg",89611
2247388,"Obermaßfeld-Grimmenthal","98617","Thüringen",98617
2902835,"Obermehler","99996","Thüringen",99996
933794,"Obermeitingen","86836","Bayern",86836
1016402,"Obermichelbach","90587","Bayern",90587
447064,"Ober-Mörlen","61239","Hessen",61239
1253868,"Obermoschel","67823","Rheinland-Pfalz",67823
416404,"Obernau","57638","Rheinland-Pfalz",57638
282306,"Obernbreit","97342","Bayern",97342
395322,"Obernburg am Main","63785","Bayern",63785
1180888,"Oberndorf","21787","Niedersachsen",21787
1253874,"Oberndorf","67821","Rheinland-Pfalz",67821
962253,"Oberndorf a.Lech","86698","Bayern",86698
943741,"Oberndorf am Neckar","78727","Baden-Württemberg",78727
538924,"Oberneisen","65558","Rheinland-Pfalz",65558
941041,"Oberneukirchen","84565","Bayern",84565
1399090,"Obernfeld","37434","Niedersachsen",37434
2779387,"Obernheim","72364","Baden-Württemberg",72364
1250987,"Obernheim-Kirchenarnbach","66919","Rheinland-Pfalz",66919
540054,"Obernhof","56379","Rheinland-Pfalz",56379
1392724,"Obernholz","29386","Niedersachsen",29386
1169369,"Obernkirchen","31683","Niedersachsen",31683
958111,"Obernzell","94107","Bayern",94107
958111,"Obernzell","94130","Bayern",94130
357055,"Obernzenn","91619","Bayern",91619
1258883,"Oberöfflingen","54533","Rheinland-Pfalz",54533
1239638,"Ober-Olm","55270","Rheinland-Pfalz",55270
2179200,"Oberoppurg","07381","Thüringen",7381
447636,"Oberostendorf","86869","Bayern",86869
1252830,"Oberotterbach","76889","Rheinland-Pfalz",76889
935165,"Oberottmarshausen","86507","Bayern",86507
2168249,"Oberpframmern","85667","Bayern",85667
1113751,"Oberpierscheid","54649","Rheinland-Pfalz",54649
182345,"Oberpleichfeld","97241","Bayern",97241
959827,"Oberpöring","94562","Bayern",94562
444711,"Oberraden","56587","Rheinland-Pfalz",56587
452412,"Ober-Ramstadt","64372","Hessen",64372
1183356,"Oberreichenbach","75394","Baden-Württemberg",75394
3351320,"Oberreichenbach","91097","Bayern",91097
1245074,"Oberreidenbach","55758","Rheinland-Pfalz",55758
959853,"Oberreute","88179","Bayern",88179
74025,"Oberried","79254","Baden-Württemberg",79254
957139,"Oberrieden","87769","Bayern",87769
405821,"Oberriexingen","71739","Baden-Württemberg",71739
533258,"Oberrod","56479","Rheinland-Pfalz",56479
533259,"Oberroßbach","56479","Rheinland-Pfalz",56479
391366,"Oberrot","74420","Baden-Württemberg",74420
941080,"Oberroth","89294","Bayern",89294
1258868,"Oberscheidweiler","54533","Rheinland-Pfalz",54533
356988,"Oberscheinfeld","91483","Bayern",91483
30973,"Oberschleißheim","85764","Bayern",85764
1252834,"Oberschlettenbach","76889","Rheinland-Pfalz",76889
959650,"Oberschneiding","94363","Bayern",94363
416472,"Oberschöna","09600","Sachsen",9600
3066478,"Oberschönau","98587","Thüringen",98587
958259,"Oberschönegg","87770","Bayern",87770
318256,"Oberschwarzach","97516","Bayern",97516
933513,"Oberschweinbach","82294","Bayern",82294
1251157,"Obersimten","66957","Rheinland-Pfalz",66957
349933,"Obersinn","97791","Bayern",97791
936942,"Obersöchering","82395","Bayern",82395
391362,"Obersontheim","74423","Baden-Württemberg",74423
2803401,"Oberstadion","89613","Baden-Württemberg",89613
1273257,"Oberstadt","98530","Thüringen",98530
1085810,"Oberstadtfeld","54570","Rheinland-Pfalz",54570
958139,"Oberstaufen","87534","Bayern",87534
1246632,"Oberstaufenbach","66879","Rheinland-Pfalz",66879
958128,"Oberstdorf","87561","Bayern",87561
1152690,"Oberstedem","54634","Rheinland-Pfalz",54634
415008,"Obersteinebach","56593","Rheinland-Pfalz",56593
405256,"Oberstenfeld","71720","Baden-Württemberg",71720
1244213,"Oberstreit","55596","Rheinland-Pfalz",55596
387520,"Oberstreu","97640","Bayern",97640
410481,"Obersulm","74182","Baden-Württemberg",74182
1249735,"Obersülzen","67271","Rheinland-Pfalz",67271
179657,"Obersüßbach","84101","Bayern",84101
940831,"Obertaufkirchen","84419","Bayern",84419
2783928,"Oberteuringen","88094","Baden-Württemberg",88094
1184608,"Oberthal","66649","Saarland",66649
384336,"Oberthulba","97723","Bayern",97723
540467,"Obertiefenbach","56357","Rheinland-Pfalz",56357
964621,"Obertraubling","93083","Bayern",93083
2856460,"Obertrebra","99510","Thüringen",99510
1080524,"Obertrubach","91286","Bayern",91286
659747,"Obertshausen","63179","Hessen",63179
1334107,"Oberuckersee","17291","Brandenburg",17291
417461,"Oberursel","61440","Hessen",61440
961853,"Oberviechtach","92526","Bayern",92526
540468,"Oberwallmenach","56357","Rheinland-Pfalz",56357
418868,"Oberwambach","57614","Rheinland-Pfalz",57614
2536250,"Oberweid","98634","Thüringen",98634
1152709,"Oberweiler","54636","Rheinland-Pfalz",54636
1246674,"Oberweiler im Tal","67756","Rheinland-Pfalz",67756
1246672,"Oberweiler-Tiefenbach","67752","Rheinland-Pfalz",67752
1152712,"Oberweis","54636","Rheinland-Pfalz",54636
1273297,"Oberweißbach/Thüringer Wald","98744","Thüringen",98744
1190008,"Oberwesel","55430","Rheinland-Pfalz",55430
1112225,"Oberweser","34399","Hessen",34399
413532,"Oberwiera","08396","Sachsen",8396
540063,"Oberwies","56379","Rheinland-Pfalz",56379
1254059,"Oberwiesen","67294","Rheinland-Pfalz",67294
536633,"Oberwiesenthal","09484","Sachsen",9484
453005,"Oberwolfach","77709","Baden-Württemberg",77709
1245132,"Oberwörresbach","55758","Rheinland-Pfalz",55758
7876002,"Oberzent","64760","Hessen",64760
1050577,"Oberzissen","56651","Rheinland-Pfalz",56651
2396187,"Obhausen","06268","Sachsen-Anhalt",6268
941624,"Obing","83119","Bayern",83119
403746,"Obrigheim","74847","Baden-Württemberg",74847
1249741,"Obrigheim (Pfalz)","67283","Rheinland-Pfalz",67283
163052,"Ochsenfurt","97199","Bayern",97199
2801247,"Ochsenhausen","88416","Baden-Württemberg",88416
543129,"Ochtendung","56299","Rheinland-Pfalz",56299
1202005,"Ochtersum","26489","Niedersachsen",26489
155790,"Ochtrup","48607","Nordrhein-Westfalen",48607
443579,"Ockenfels","53545","Rheinland-Pfalz",53545
1239650,"Ockenheim","55437","Rheinland-Pfalz",55437
1256031,"Ockfen","54441","Rheinland-Pfalz",54441
1416816,"Ockholm","25842","Schleswig-Holstein",25842
422934,"Odderade","25785","Schleswig-Holstein",25785
546948,"Odelzhausen","85235","Bayern",85235
1246771,"Odenbach","67748","Rheinland-Pfalz",67748
173106,"Odenthal","51519","Nordrhein-Westfalen",51519
1332914,"Oderaue","16259","Brandenburg",16259
1318350,"Oderberg","16248","Brandenburg",16248
1244163,"Odernheim am Glan","55571","Rheinland-Pfalz",55571
418711,"Oderwitz","02791","Sachsen",2791
1526888,"Odisheim","21775","Niedersachsen",21775
1286635,"Oebisfelde-Weferlingen","39343","Sachsen-Anhalt",39343
1286635,"Oebisfelde-Weferlingen","39356","Sachsen-Anhalt",39356
1286635,"Oebisfelde-Weferlingen","39359","Sachsen-Anhalt",39359
1286635,"Oebisfelde-Weferlingen","39646","Sachsen-Anhalt",39646
2889820,"Oechsen","36404","Thüringen",36404
416474,"Oederan","09569","Sachsen",9569
446463,"Oederquart","21734","Niedersachsen",21734
410467,"Oedheim","74229","Baden-Württemberg",74229
151333,"Oelde","59302","Nordrhein-Westfalen",59302
450518,"Oelixdorf","25524","Schleswig-Holstein",25524
540469,"Oelsberg","56357","Rheinland-Pfalz",56357
443861,"Oelsnitz","08606","Sachsen",8606
536017,"Oelsnitz/Erzgebirge","09376","Sachsen",9376
2831170,"Oepfershausen","98634","Thüringen",98634
1079021,"Oerel","27432","Niedersachsen",27432
63502,"Oer-Erkenschwick","45739","Nordrhein-Westfalen",45739
422854,"Oering","23845","Schleswig-Holstein",23845
383592,"Oerlenbach","97714","Bayern",97714
142856,"Oerlinghausen","33813","Nordrhein-Westfalen",33813
1147203,"Oersberg","24407","Schleswig-Holstein",24407
430469,"Oersdorf","24568","Schleswig-Holstein",24568
450215,"Oeschebüttel","25548","Schleswig-Holstein",25548
447162,"Oesterdeichstrich","25761","Schleswig-Holstein",25761
447967,"Oesterwurth","25764","Schleswig-Holstein",25764
409031,"Oestrich-Winkel","65375","Hessen",65375
2857013,"Oettern","99438","Thüringen",99438
2179201,"Oettersdorf","07907","Thüringen",7907
962610,"Oettingen i.Bay.","86732","Bayern",86732
1460252,"Oetzen","29588","Niedersachsen",29588
1428595,"Oevenum","25938","Schleswig-Holstein",25938
1149293,"Oeversee","24988","Schleswig-Holstein",24988
410468,"Offenau","74254","Baden-Württemberg",74254
62695,"Offenbach am Main","63065","Hessen",63065
62695,"Offenbach am Main","63067","Hessen",63067
62695,"Offenbach am Main","63069","Hessen",63069
62695,"Offenbach am Main","63071","Hessen",63071
62695,"Offenbach am Main","63073","Hessen",63073
62695,"Offenbach am Main","63075","Hessen",63075
1252803,"Offenbach an der Queich","76877","Rheinland-Pfalz",76877
1246768,"Offenbach-Hundheim","67749","Rheinland-Pfalz",67749
959802,"Offenberg","94560","Bayern",94560
452988,"Offenburg","77652","Baden-Württemberg",77652
452988,"Offenburg","77654","Baden-Württemberg",77654
452988,"Offenburg","77656","Baden-Württemberg",77656
443122,"Offenbüttel","25767","Schleswig-Holstein",25767
966171,"Offenhausen","91238","Bayern",91238
1248581,"Offenheim","55234","Rheinland-Pfalz",55234
964470,"Offingen","89362","Bayern",89362
1248701,"Offstein","67591","Rheinland-Pfalz",67591
2778732,"Ofterdingen","72131","Baden-Württemberg",72131
957878,"Ofterschwang","87527","Bayern",87527
453412,"Oftersheim","68723","Baden-Württemberg",68723
2801323,"Oggelshausen","88422","Baden-Württemberg",88422
1060410,"Ohlenhard","53520","Rheinland-Pfalz",53520
452990,"Ohlsbach","77797","Baden-Württemberg",77797
939363,"Ohlstadt","82441","Bayern",82441
1241636,"Ohlweiler","55469","Rheinland-Pfalz",55469
1246455,"Ohmbach","66903","Rheinland-Pfalz",66903
2793206,"Ohmden","73275","Baden-Württemberg",73275
2012778,"Ohne","48465","Niedersachsen",48465
2785096,"Öhningen","78337","Baden-Württemberg",78337
1307648,"Ohorn","01896","Sachsen",1896
2800320,"Ohrdruf","99885","Thüringen",99885
534078,"Ohrenbach","91620","Bayern",91620
377452,"Öhringen","74613","Baden-Württemberg",74613
1432633,"Ohrum","38312","Niedersachsen",38312
422258,"Olbernhau","09526","Sachsen",9526
1311099,"Olbersdorf","02785","Sachsen",2785
2410098,"Olbersleben","99628","Thüringen",99628
57991,"Ölbronn-Dürrn","75248","Baden-Württemberg",75248
933493,"Olching","82140","Bayern",82140
450072,"Oldenborstel","25560","Schleswig-Holstein",25560
62409,"Oldenburg","26121","Niedersachsen",26121
62409,"Oldenburg","26122","Niedersachsen",26122
62409,"Oldenburg","26123","Niedersachsen",26123
62409,"Oldenburg","26125","Niedersachsen",26125
62409,"Oldenburg","26127","Niedersachsen",26127
62409,"Oldenburg","26129","Niedersachsen",26129
62409,"Oldenburg","26131","Niedersachsen",26131
62409,"Oldenburg","26133","Niedersachsen",26133
62409,"Oldenburg","26135","Niedersachsen",26135
382421,"Oldenburg in Holstein","23758","Schleswig-Holstein",23758
556140,"Oldenbüttel","25557","Schleswig-Holstein",25557
445790,"Oldendorf","21726","Niedersachsen",21726
448559,"Oldendorf","25588","Schleswig-Holstein",25588
1846191,"Oldendorf (Luhe)","21385","Niedersachsen",21385
548557,"Oldenhütten","24793","Schleswig-Holstein",24793
1397061,"Oldenswort","25870","Schleswig-Holstein",25870
1405167,"Oldersbek","25873","Schleswig-Holstein",25873
1406817,"Olderup","25860","Schleswig-Holstein",25860
2388435,"Oldisleben","06578","Thüringen",6578
1428599,"Oldsum","25938","Schleswig-Holstein",25938
157719,"Olfen","59399","Nordrhein-Westfalen",59399
2411318,"Ollendorf","99198","Thüringen",99198
937651,"Öllingen","89129","Baden-Württemberg",89129
1256947,"Ollmuth","54316","Rheinland-Pfalz",54316
1113741,"Olmscheid","54689","Rheinland-Pfalz",54689
163179,"Olpe","57462","Nordrhein-Westfalen",57462
157421,"Olsberg","59939","Nordrhein-Westfalen",59939
1253784,"Olsbrücken","67737","Rheinland-Pfalz",67737
1152675,"Olsdorf","54646","Rheinland-Pfalz",54646
418879,"Ölsen","57612","Rheinland-Pfalz",57612
1108070,"Olzheim","54597","Rheinland-Pfalz",54597
1255936,"Onsdorf","54456","Rheinland-Pfalz",54456
959841,"Opfenbach","88145","Bayern",88145
2803633,"Öpfingen","89614","Baden-Württemberg",89614
1310861,"Oppach","02736","Sachsen",2736
452985,"Oppenau","77728","Baden-Württemberg",77728
1245834,"Oppenheim","55276","Rheinland-Pfalz",55276
400923,"Oppenweiler","71560","Baden-Württemberg",71560
400923,"Oppenweiler","71570","Baden-Württemberg",71570
2902598,"Oppershausen","99986","Thüringen",99986
1241650,"Oppertshausen","55469","Rheinland-Pfalz",55469
2179202,"Oppurg","07381","Thüringen",7381
1606239,"Oranienbaum-Wörlitz","06785","Sachsen-Anhalt",6785
1310102,"Oranienburg","16515","Brandenburg",16515
1254055,"Orbis","67294","Rheinland-Pfalz",67294
1162786,"Orenhofen","54298","Rheinland-Pfalz",54298
416405,"Orfgen","57632","Rheinland-Pfalz",57632
2456173,"Orlamünde","07768","Thüringen",7768
1108050,"Orlenbach","54595","Rheinland-Pfalz",54595
1075999,"Ormont","54597","Rheinland-Pfalz",54597
534391,"Ornbau","91737","Bayern",91737
1140552,"Orsfeld","54655","Rheinland-Pfalz",54655
1104571,"Orsingen-Nenzingen","78359","Baden-Württemberg",78359
450120,"Ortenberg","63683","Hessen",63683
452989,"Ortenberg","77799","Baden-Württemberg",77799
958094,"Ortenburg","94496","Bayern",94496
1314221,"Ortrand","01990","Brandenburg",1990
1259146,"Osann-Monzel","54518","Rheinland-Pfalz",54518
1256963,"Osburg","54317","Rheinland-Pfalz",54317
535244,"Oschatz","04758","Sachsen",4758
1286624,"Oschersleben","39387","Sachsen-Anhalt",39387
548490,"Osdorf","24251","Schleswig-Holstein",24251
1355741,"Osloß","38557","Niedersachsen",38557
62631,"Osnabrück","49074","Niedersachsen",49074
62631,"Osnabrück","49076","Niedersachsen",49076
62631,"Osnabrück","49078","Niedersachsen",49078
62631,"Osnabrück","49080","Niedersachsen",49080
62631,"Osnabrück","49082","Niedersachsen",49082
62631,"Osnabrück","49084","Niedersachsen",49084
62631,"Osnabrück","49086","Niedersachsen",49086
62631,"Osnabrück","49088","Niedersachsen",49088
62631,"Osnabrück","49090","Niedersachsen",49090
1307711,"Oßling","01920","Sachsen",1920
152289,"Ostbevern","48346","Nordrhein-Westfalen",48346
898642,"Osteel","26529","Niedersachsen",26529
933496,"Ostelsheim","75395","Baden-Württemberg",75395
444755,"Osten","21756","Niedersachsen",21756
548566,"Ostenfeld","24790","Schleswig-Holstein",24790
1404154,"Ostenfeld (Husum)","25872","Schleswig-Holstein",25872
941088,"Osterberg","89296","Bayern",89296
1520087,"Osterbruch","21762","Niedersachsen",21762
1284737,"Osterburg (Altmark)","39606","Sachsen-Anhalt",39606
403732,"Osterburken","74706","Baden-Württemberg",74706
548616,"Osterby","24367","Schleswig-Holstein",24367
1156028,"Osterby","24994","Schleswig-Holstein",24994
1819234,"Ostercappeln","49179","Niedersachsen",49179
1023214,"Ostereistedt","27404","Niedersachsen",27404
2404086,"Osterfeld","06721","Sachsen-Anhalt",6721
2084704,"Osterheide, gemfr. Bezirk","29664","Niedersachsen",29664
2084704,"Osterheide, gemfr. Bezirk","29683","Niedersachsen",29683
1395416,"Osterhever","25836","Schleswig-Holstein",25836
959824,"Osterhofen","94486","Bayern",94486
188238,"Osterholz-Scharmbeck","27711","Niedersachsen",27711
444183,"Osterhorn","25364","Schleswig-Holstein",25364
1329406,"Osternienburger Land","06386","Sachsen-Anhalt",6386
1416133,"Osterode","37520","Niedersachsen",37520
1406825,"Oster-Ohrstedt","25885","Schleswig-Holstein",25885
443086,"Osterrade","25767","Schleswig-Holstein",25767
548569,"Osterrönfeld","24783","Schleswig-Holstein",24783
536240,"Osterspai","56340","Rheinland-Pfalz",56340
556097,"Osterstedt","25590","Schleswig-Holstein",25590
2014149,"Osterwald","49828","Niedersachsen",49828
1352969,"Osterwieck","38835","Sachsen-Anhalt",38835
1352969,"Osterwieck","38836","Sachsen-Anhalt",38836
447640,"Osterzell","87662","Bayern",87662
2793022,"Ostfildern","73760","Baden-Württemberg",73760
1177208,"Osthausen-Wülfershausen","99310","Thüringen",99310
386931,"Ostheim v.d.Rhön","97645","Bayern",97645
902668,"Osthofen","67574","Rheinland-Pfalz",67574
2805481,"Ostrach","88356","Baden-Württemberg",88356
2410099,"Ostramondra","99636","Thüringen",99636
415411,"Ostrau","04749","Sachsen",4749
1470258,"Ostrhauderfehn","26842","Niedersachsen",26842
659807,"Östringen","76684","Baden-Württemberg",76684
418648,"Ostritz","02899","Sachsen",2899
413291,"Ostrohe","25746","Schleswig-Holstein",25746
2069504,"Oststeinbek","22113","Schleswig-Holstein",22113
907227,"Ötigheim","76470","Baden-Württemberg",76470
156051,"Ötisheim","75443","Baden-Württemberg",75443
2826029,"Ottenbach","73113","Baden-Württemberg",73113
2826029,"Ottenbach","73529","Baden-Württemberg",73529
448606,"Ottenbüttel","25591","Schleswig-Holstein",25591
554812,"Ottendorf","24107","Schleswig-Holstein",24107
2778395,"Ottendorf","07646","Thüringen",7646
913784,"Ottendorf-Okrilla","01458","Sachsen",1458
934751,"Ottenhofen","85570","Bayern",85570
452981,"Ottenhöfen im Schwarzwald","77883","Baden-Württemberg",77883
966161,"Ottensoos","91242","Bayern",91242
1184277,"Ottenstein","31868","Niedersachsen",31868
335201,"Otter","21259","Niedersachsen",21259
1260234,"Otterbach","67731","Rheinland-Pfalz",67731
93817,"Otterberg","67697","Rheinland-Pfalz",67697
93817,"Otterberg","67731","Rheinland-Pfalz",67731
935956,"Otterfing","83624","Bayern",83624
1518890,"Otterndorf","21762","Niedersachsen",21762
1182035,"Ottersberg","28870","Niedersachsen",28870
1254392,"Ottersheim","67308","Rheinland-Pfalz",67308
1250389,"Ottersheim bei Landau","76879","Rheinland-Pfalz",76879
422703,"Otterstadt","67166","Rheinland-Pfalz",67166
1188895,"Ottersweier","77833","Baden-Württemberg",77833
422339,"Otterwisch","04668","Sachsen",4668
962643,"Otting","86700","Bayern",86700
958671,"Ottobeuren","87724","Bayern",87724
2168250,"Ottobrunn","85521","Bayern",85521
452215,"Ottrau","34633","Hessen",34633
2857014,"Ottstedt am Berge","99428","Thüringen",99428
1187148,"Ottweiler","66564","Saarland",66564
452390,"Otzberg","64853","Hessen",64853
959816,"Otzing","94563","Bayern",94563
535132,"Ötzingen","56244","Rheinland-Pfalz",56244
1244082,"Otzweiler","55606","Rheinland-Pfalz",55606
532793,"Ovelgönne","26939","Niedersachsen",26939
173104,"Overath","51491","Nordrhein-Westfalen",51491
2795578,"Owen","73277","Baden-Württemberg",73277
2806602,"Owingen","88696","Baden-Württemberg",88696
556667,"Owschlag","24811","Schleswig-Holstein",24811
556667,"Owschlag","24848","Schleswig-Holstein",24848
418115,"Oybin","02797","Sachsen",2797
957726,"Oy-Mittelberg","87466","Bayern",87466
1182034,"Oyten","28876","Niedersachsen",28876
553600,"Padenstedt","24634","Schleswig-Holstein",24634
148074,"Paderborn","33098","Nordrhein-Westfalen",33098
148074,"Paderborn","33100","Nordrhein-Westfalen",33100
148074,"Paderborn","33102","Nordrhein-Westfalen",33102
148074,"Paderborn","33104","Nordrhein-Westfalen",33104
148074,"Paderborn","33106","Nordrhein-Westfalen",33106
148074,"Paderborn","33154","Nordrhein-Westfalen",33154
148074,"Paderborn","33161","Nordrhein-Westfalen",33161
936870,"Pähl","82396","Bayern",82396
964289,"Pahlen","25794","Schleswig-Holstein",25794
956659,"Painten","93351","Bayern",93351
2789105,"Paitzdorf","07580","Thüringen",7580
941652,"Palling","83349","Bayern",83349
1256020,"Palzem","54439","Rheinland-Pfalz",54439
1451521,"Pampow","19075","Mecklenburg-Vorpommern",19075
288914,"Panker","24321","Schleswig-Holstein",24321
1318329,"Panketal","16341","Brandenburg",16341
1307659,"Panschwitz-Kuckau","01920","Sachsen",1920
374197,"Pantelitz","18442","Mecklenburg-Vorpommern",18442
1465974,"Panten","23896","Schleswig-Holstein",23896
1258865,"Pantenburg","54531","Rheinland-Pfalz",54531
1269720,"Panzweiler","56865","Rheinland-Pfalz",56865
1080035,"Papenburg","26871","Niedersachsen",26871
394343,"Papendorf","18059","Mecklenburg-Vorpommern",18059
1410903,"Papendorf","17309","Mecklenburg-Vorpommern",17309
372896,"Papenhagen","18510","Mecklenburg-Vorpommern",18510
1015139,"Pappenheim","91788","Bayern",91788
449897,"Parchim","19370","Mecklenburg-Vorpommern",19370
449897,"Parchim","19374","Mecklenburg-Vorpommern",19374
1437540,"Parchtitz","18528","Mecklenburg-Vorpommern",18528
1059437,"Parkstein","92711","Bayern",92711
959663,"Parkstetten","94365","Bayern",94365
1337351,"Parsau","38470","Niedersachsen",38470
1028808,"Parsberg","92331","Bayern",92331
1318351,"Parsteinsee","16248","Brandenburg",16248
1248410,"Partenheim","55288","Rheinland-Pfalz",55288
349452,"Partenstein","97846","Bayern",97846
422340,"Parthenstein","04668","Sachsen",4668
1256087,"Paschel","54314","Rheinland-Pfalz",54314
1410795,"Pasewalk","17309","Mecklenburg-Vorpommern",17309
2179203,"Paska","07381","Thüringen",7381
251069,"Passade","24253","Schleswig-Holstein",24253
62629,"Passau","94032","Bayern",94032
62629,"Passau","94034","Bayern",94034
62629,"Passau","94036","Bayern",94036
1515754,"Passee","23992","Mecklenburg-Vorpommern",23992
449886,"Passow","19386","Mecklenburg-Vorpommern",19386
1334095,"Passow","16306","Brandenburg",16306
934746,"Pastetten","85669","Bayern",85669
539910,"Patersberg","56348","Rheinland-Pfalz",56348
959156,"Patersdorf","94265","Bayern",94265
1451537,"Pätow-Steegen","19230","Mecklenburg-Vorpommern",19230
2012734,"Pattensen","30982","Niedersachsen",30982
1437542,"Patzig","18528","Mecklenburg-Vorpommern",18528
1343594,"Paulinenaue","14641","Brandenburg",14641
30013,"Paunzhausen","85307","Bayern",85307
444813,"Pausa-Mühltroff","07919","Sachsen",7919
444813,"Pausa-Mühltroff","07952","Sachsen",7952
444813,"Pausa-Mühltroff","08539","Sachsen",8539
974203,"Päwesin","14778","Brandenburg",14778
968895,"Pechbrunn","95701","Bayern",95701
2000619,"Peenehagen","17192","Mecklenburg-Vorpommern",17192
2000619,"Peenehagen","17194","Mecklenburg-Vorpommern",17194
1432804,"Peenemünde","17449","Mecklenburg-Vorpommern",17449
1163497,"Peffingen","54668","Rheinland-Pfalz",54668
420240,"Pegau","04523","Sachsen",4523
2014379,"Pegestorf","37619","Niedersachsen",37619
1070991,"Pegnitz","91257","Bayern",91257
1182561,"Peine","31224","Niedersachsen",31224
1182561,"Peine","31226","Niedersachsen",31226
1182561,"Peine","31228","Niedersachsen",31228
450063,"Peissen","25551","Schleswig-Holstein",25551
936946,"Peißenberg","82380","Bayern",82380
936787,"Peiting","86971","Bayern",86971
1322803,"Peitz","03185","Brandenburg",3185
1255970,"Pellingen","54331","Rheinland-Pfalz",54331
1420556,"Pellworm","25845","Schleswig-Holstein",25845
1420556,"Pellworm","25849","Schleswig-Holstein",25849
1074562,"Pelm","54570","Rheinland-Pfalz",54570
961937,"Pemfling","93482","Bayern",93482
413428,"Penig","09322","Sachsen",9322
1424395,"Penkow","17213","Mecklenburg-Vorpommern",17213
1407737,"Penkun","17328","Mecklenburg-Vorpommern",17328
1268665,"Pennewitz","98708","Thüringen",98708
1183246,"Pennigsehl","31621","Niedersachsen",31621
964626,"Pentling","93080","Bayern",93080
936920,"Penzberg","82377","Bayern",82377
1959689,"Penzin","18249","Mecklenburg-Vorpommern",18249
933973,"Penzing","86929","Bayern",86929
1424421,"Penzlin","17217","Mecklenburg-Vorpommern",17217
1424421,"Penzlin","17219","Mecklenburg-Vorpommern",17219
942018,"Perach","84567","Bayern",84567
959644,"Perasdorf","94366","Bayern",94366
959641,"Perkam","94368","Bayern",94368
1184400,"Perl","66706","Saarland",66706
1289805,"Perleberg","19348","Brandenburg",19348
958964,"Perlesreut","94157","Bayern",94157
1444895,"Perlin","19209","Mecklenburg-Vorpommern",19209
1190012,"Perscheid","55430","Rheinland-Pfalz",55430
1343593,"Pessin","14641","Brandenburg",14641
534381,"Petersaurach","91580","Bayern",91580
454883,"Petersberg","36100","Hessen",36100
1251035,"Petersberg","66989","Rheinland-Pfalz",66989
2407133,"Petersberg","06193","Sachsen-Anhalt",6193
2778396,"Petersberg","07616","Thüringen",7616
162452,"Petersdorf","86574","Bayern",86574
1419914,"Petersdorf","17348","Mecklenburg-Vorpommern",17348
145273,"Petershagen","32469","Nordrhein-Westfalen",32469
55781,"Petershagen/Eggersdorf","15345","Brandenburg",15345
55781,"Petershagen/Eggersdorf","15370","Brandenburg",15370
934479,"Petershausen","85238","Bayern",85238
335488,"Peterslahr","57632","Rheinland-Pfalz",57632
1269724,"Peterswald-Löffelscheid","56858","Rheinland-Pfalz",56858
2816636,"Petriroda","99887","Thüringen",99887
965010,"Pettendorf","93186","Bayern",93186
941671,"Petting","83367","Bayern",83367
1077569,"Pettstadt","96175","Bayern",96175
2179204,"Peuschen","07389","Thüringen",7389
957724,"Pfaffenhausen","87772","Bayern",87772
410518,"Pfaffenhofen","74397","Baden-Württemberg",74397
941076,"Pfaffenhofen a.d.Roth","89284","Bayern",89284
546954,"Pfaffenhofen an der Glonn","85235","Bayern",85235
396556,"Pfaffenhofen an der Ilm","85276","Bayern",85276
1244008,"Pfaffen-Schwabenheim","55546","Rheinland-Pfalz",55546
1946219,"Pfaffenweiler","79292","Baden-Württemberg",79292
2186931,"Pfaffing","83539","Bayern",83539
2813152,"Pfaffschwende","37308","Thüringen",37308
966626,"Pfakofen","93101","Bayern",93101
1182308,"Pfalzfeld","56291","Rheinland-Pfalz",56291
935837,"Pfalzgrafenweiler","72285","Baden-Württemberg",72285
957053,"Pfarrkirchen","84347","Bayern",84347
388835,"Pfarrweisach","96176","Bayern",96176
966631,"Pfatter","93102","Bayern",93102
377571,"Pfedelbach","74629","Baden-Württemberg",74629
1246581,"Pfeffelbach","66871","Rheinland-Pfalz",66871
179654,"Pfeffenhausen","84076","Bayern",84076
2818336,"Pferdingsleben","99869","Thüringen",99869
156059,"Pfinztal","76327","Baden-Württemberg",76327
1015105,"Pfofeld","91738","Bayern",91738
943544,"Pförring","85104","Bayern",85104
447626,"Pforzen","87666","Bayern",87666
62471,"Pforzheim","75172","Baden-Württemberg",75172
62471,"Pforzheim","75173","Baden-Württemberg",75173
62471,"Pforzheim","75175","Baden-Württemberg",75175
62471,"Pforzheim","75177","Baden-Württemberg",75177
62471,"Pforzheim","75179","Baden-Württemberg",75179
62471,"Pforzheim","75180","Baden-Württemberg",75180
62471,"Pforzheim","75181","Baden-Württemberg",75181
962203,"Pfreimd","92536","Bayern",92536
2778121,"Pfronstetten","72539","Baden-Württemberg",72539
448299,"Pfronten","87459","Bayern",87459
2806037,"Pfullendorf","88630","Baden-Württemberg",88630
2772601,"Pfullingen","72793","Baden-Württemberg",72793
452417,"Pfungstadt","64319","Hessen",64319
659806,"Philippsburg","76661","Baden-Württemberg",76661
1162787,"Philippsheim","54662","Rheinland-Pfalz",54662
958959,"Philippsreut","94158","Bayern",94158
275115,"Philippsthal","36269","Hessen",36269
1451546,"Picher","19230","Mecklenburg-Vorpommern",19230
1140555,"Pickließem","54647","Rheinland-Pfalz",54647
941790,"Piding","83451","Bayern",83451
965018,"Pielenhofen","93188","Bayern",93188
1273277,"Piesau","98739","Thüringen",98739
1258388,"Piesport","54498","Rheinland-Pfalz",54498
543130,"Pillig","56753","Rheinland-Pfalz",56753
551071,"Pilsach","92367","Bayern",92367
959899,"Pilsting","94431","Bayern",94431
1444909,"Pingelshagen","19069","Mecklenburg-Vorpommern",19069
443487,"Pinneberg","25421","Schleswig-Holstein",25421
449934,"Pinnow","19065","Mecklenburg-Vorpommern",19065
1334087,"Pinnow","16278","Brandenburg",16278
1113732,"Pintesfeld","54649","Rheinland-Pfalz",54649
1080496,"Pinzberg","91361","Bayern",91361
1059468,"Pirk","92712","Bayern",92712
62642,"Pirmasens","66953","Rheinland-Pfalz",66953
62642,"Pirmasens","66954","Rheinland-Pfalz",66954
62642,"Pirmasens","66955","Rheinland-Pfalz",66955
534516,"Pirna","01796","Sachsen",1796
1289817,"Pirow","19348","Brandenburg",19348
1108075,"Pittenbach","54595","Rheinland-Pfalz",54595
941617,"Pittenhart","83132","Bayern",83132
1991135,"Plaaz","18276","Mecklenburg-Vorpommern",18276
544324,"Plaidt","56637","Rheinland-Pfalz",56637
533503,"Planebruch","14822","Brandenburg",14822
318693,"Planegg","82152","Bayern",82152
553875,"Planetal","14806","Brandenburg",14806
1071004,"Plankenfels","95515","Bayern",95515
454168,"Plankstadt","68723","Baden-Württemberg",68723
1171876,"Plascheid","54673","Rheinland-Pfalz",54673
449930,"Plate","19086","Mecklenburg-Vorpommern",19086
1259127,"Platten","54518","Rheinland-Pfalz",54518
1289795,"Plattenburg","19339","Brandenburg",19339
959822,"Plattling","94447","Bayern",94447
449920,"Plau am See","19395","Mecklenburg-Vorpommern",19395
165451,"Plaue","99338","Thüringen",99338
409608,"Plauen","08523","Sachsen",8523
409608,"Plauen","08525","Sachsen",8525
409608,"Plauen","08527","Sachsen",8527
409608,"Plauen","08529","Sachsen",8529
409608,"Plauen","08541","Sachsen",8541
409608,"Plauen","08547","Sachsen",8547
1070988,"Plech","91287","Bayern",91287
415010,"Pleckhausen","56593","Rheinland-Pfalz",56593
405308,"Pleidelsheim","74385","Baden-Württemberg",74385
1259138,"Plein","54518","Rheinland-Pfalz",54518
1015095,"Pleinfeld","91785","Bayern",91785
941946,"Pleiskirchen","84568","Bayern",84568
1252827,"Pleisweiler-Oberhofen","76889","Rheinland-Pfalz",76889
1244011,"Pleitersheim","55576","Rheinland-Pfalz",55576
1241626,"Pleizenhausen","55469","Rheinland-Pfalz",55469
958622,"Pleß","87773","Bayern",87773
1303787,"Plessa","04928","Brandenburg",4928
168540,"Plettenberg","58840","Nordrhein-Westfalen",58840
1059436,"Pleystein","92714","Bayern",92714
929779,"Pliening","85652","Bayern",85652
2778183,"Pliezhausen","72124","Baden-Württemberg",72124
2792770,"Plochingen","73207","Baden-Württemberg",73207
310402,"Plön","24306","Schleswig-Holstein",24306
968893,"Plößberg","95703","Bayern",95703
2179205,"Plothen","07907","Thüringen",7907
2393505,"Plötzkau","06425","Sachsen-Anhalt",6425
1407861,"Plöwen","17321","Mecklenburg-Vorpommern",17321
401641,"Plüderhausen","73642","Baden-Württemberg",73642
401641,"Plüderhausen","73655","Baden-Württemberg",73655
1481615,"Plüschow","23936","Mecklenburg-Vorpommern",23936
1113765,"Plütscheid","54597","Rheinland-Pfalz",54597
1256962,"Pluwig","54316","Rheinland-Pfalz",54316
3412601,"Pockau-Lengefeld","09509","Sachsen",9509
3412601,"Pockau-Lengefeld","09514","Sachsen",9514
958087,"Pocking","94060","Bayern",94060
932449,"Pöcking","82343","Bayern",82343
1332953,"Podelzig","15326","Brandenburg",15326
1469262,"Pogeez","23911","Schleswig-Holstein",23911
1465976,"Poggensee","23896","Schleswig-Holstein",23896
540057,"Pohl","56357","Rheinland-Pfalz",56357
446589,"Pöhl","08543","Sachsen",8543
1182396,"Pohle","31867","Niedersachsen",31867
418620,"Pohlheim","35415","Hessen",35415
310387,"Pohnsdorf","24211","Schleswig-Holstein",24211
929922,"Poing","85586","Bayern",85586
1444903,"Pokrent","19205","Mecklenburg-Vorpommern",19205
543131,"Polch","56751","Rheinland-Pfalz",56751
394322,"Pölchow","18059","Mecklenburg-Vorpommern",18059
1255921,"Pölich","54340","Rheinland-Pfalz",54340
532326,"Pölitz","23847","Schleswig-Holstein",23847
1184618,"Polle","37647","Niedersachsen",37647
943533,"Pollenfeld","85131","Bayern",85131
1169409,"Pollhagen","31718","Niedersachsen",31718
936945,"Polling","82398","Bayern",82398
941042,"Polling","84570","Bayern",84570
1015121,"Polsingen","91805","Bayern",91805
2532078,"Pölzig","07554","Thüringen",7554
1410893,"Polzow","17309","Mecklenburg-Vorpommern",17309
966145,"Pommelsbrunn","91224","Bayern",91224
1145094,"Pommerby","24395","Schleswig-Holstein",24395
1266509,"Pommern","56829","Rheinland-Pfalz",56829
1077558,"Pommersfelden","96178","Bayern",96178
1060417,"Pomster","53534","Rheinland-Pfalz",53534
2449512,"Ponitz","04639","Thüringen",4639
1395415,"Poppenbüll","25836","Schleswig-Holstein",25836
393355,"Poppendorf","18184","Mecklenburg-Vorpommern",18184
325551,"Poppenhausen","97490","Bayern",97490
454884,"Poppenhausen","36163","Hessen",36163
1028561,"Poppenricht","92284","Bayern",92284
2179207,"Pörmitz","07907","Thüringen",7907
387306,"Pörnbach","85309","Bayern",85309
144696,"Porta Westfalica","32457","Nordrhein-Westfalen",32457
450075,"Pöschendorf","25560","Schleswig-Holstein",25560
1437545,"Poseritz","18574","Mecklenburg-Vorpommern",18574
960510,"Pösing","93483","Bayern",93483
2179208,"Pößneck","07381","Thüringen",7381
179067,"Postau","84103","Bayern",84103
1028804,"Postbauer-Heng","92353","Bayern",92353
2778487,"Posterstein","04626","Thüringen",4626
310419,"Postfeld","24211","Schleswig-Holstein",24211
1432556,"Postlow","17391","Mecklenburg-Vorpommern",17391
957051,"Postmünster","84389","Bayern",84389
62369,"Potsdam","14467","Brandenburg",14467
62369,"Potsdam","14469","Brandenburg",14469
62369,"Potsdam","14471","Brandenburg",14471
62369,"Potsdam","14473","Brandenburg",14473
62369,"Potsdam","14476","Brandenburg",14476
62369,"Potsdam","14478","Brandenburg",14478
62369,"Potsdam","14480","Brandenburg",14480
62369,"Potsdam","14482","Brandenburg",14482
1070980,"Pottenstein","91278","Bayern",91278
2179206,"Pottiga","07366","Thüringen",7366
161964,"Pöttmes","86554","Bayern",86554
535016,"Pottum","56459","Rheinland-Pfalz",56459
1080508,"Poxdorf","91099","Bayern",91099
2778397,"Poxdorf","07616","Thüringen",7616
450065,"Poyenberg","25581","Schleswig-Holstein",25581
420577,"Pracht","57589","Rheinland-Pfalz",57589
959170,"Prackenbach","94267","Bayern",94267
1419895,"Pragsdorf","17094","Mecklenburg-Vorpommern",17094
288260,"Prasdorf","24253","Schleswig-Holstein",24253
539905,"Prath","56346","Rheinland-Pfalz",56346
2029539,"Prebberede","17168","Mecklenburg-Vorpommern",17168
1070973,"Prebitz","95473","Bayern",95473
310389,"Preetz","24211","Schleswig-Holstein",24211
374201,"Preetz","18445","Mecklenburg-Vorpommern",18445
1113754,"Preischeid","54673","Rheinland-Pfalz",54673
1113754,"Preischeid","54689","Rheinland-Pfalz",54689
1162784,"Preist","54664","Rheinland-Pfalz",54664
936771,"Prem","86984","Bayern",86984
1266353,"Premnitz","14727","Brandenburg",14727
1334102,"Prenzlau","17291","Brandenburg",17291
374252,"Prerow","18375","Mecklenburg-Vorpommern",18375
1059457,"Pressath","92690","Bayern",92690
1022769,"Presseck","95355","Bayern",95355
1021757,"Pressig","96332","Bayern",96332
1080476,"Pretzfeld","91362","Bayern",91362
145245,"Preußisch Oldendorf","32361","Nordrhein-Westfalen",32361
1829046,"Prezelle","29491","Niedersachsen",29491
1424137,"Priborn","17209","Mecklenburg-Vorpommern",17209
283688,"Prichsenstadt","97357","Bayern",97357
2186932,"Prien am Chiemsee","83209","Bayern",83209
1419644,"Priepert","17255","Mecklenburg-Vorpommern",17255
1077551,"Priesendorf","96170","Bayern",96170
551156,"Priestewitz","01561","Sachsen",1561
556575,"Prinzenmoor","24805","Schleswig-Holstein",24805
2012323,"Prinzhöfte","27243","Niedersachsen",27243
1427889,"Pripsleben","17091","Mecklenburg-Vorpommern",17091
443358,"Prisdorf","25497","Schleswig-Holstein",25497
1451554,"Prislich","19300","Mecklenburg-Vorpommern",19300
933779,"Prittriching","86931","Bayern",86931
1451575,"Pritzier","19230","Mecklenburg-Vorpommern",19230
1289799,"Pritzwalk","16928","Brandenburg",16928
288263,"Probsteierhagen","24253","Schleswig-Holstein",24253
1273251,"Probstzella","07330","Thüringen",7330
371501,"Prohn","18445","Mecklenburg-Vorpommern",18445
1108055,"Pronsfeld","54597","Rheinland-Pfalz",54597
442918,"Pronstorf","23820","Schleswig-Holstein",23820
182344,"Prosselsheim","97279","Bayern",97279
1332923,"Prötzel","15345","Brandenburg",15345
374277,"Pruchten","18356","Mecklenburg-Vorpommern",18356
1108057,"Prüm","54595","Rheinland-Pfalz",54595
1163508,"Prümzurlay","54668","Rheinland-Pfalz",54668
2186933,"Prutting","83134","Bayern",83134
1059454,"Püchersreuth","92715","Bayern",92715
933481,"Puchheim","82178","Bayern",82178
1433088,"Pudagla","17429","Mecklenburg-Vorpommern",17429
445740,"Puderbach","56305","Rheinland-Pfalz",56305
168464,"Pulheim","50259","Nordrhein-Westfalen",50259
415807,"Pullach im Isartal","82049","Bayern",82049
975287,"Pullenreuth","95704","Bayern",95704
450073,"Puls","25560","Schleswig-Holstein",25560
2321817,"Pulsnitz","01896","Sachsen",1896
1269718,"Pünderich","56862","Rheinland-Pfalz",56862
933964,"Pürgen","86932","Bayern",86932
1016406,"Puschendorf","90617","Bayern",90617
1307709,"Puschwitz","02699","Sachsen",2699
1437551,"Putbus","18581","Mecklenburg-Vorpommern",18581
1437948,"Putgarten","18556","Mecklenburg-Vorpommern",18556
1289785,"Putlitz","16949","Brandenburg",16949
1184883,"Püttlingen","66346","Saarland",66346
56350,"Putzbrunn","85640","Bayern",85640
1028803,"Pyrbaum","90602","Bayern",90602
1808589,"Quakenbrück","49610","Niedersachsen",49610
548499,"Quarnbek","24107","Schleswig-Holstein",24107
450222,"Quarnstedt","25563","Schleswig-Holstein",25563
2179209,"Quaschwitz","07389","Thüringen",7389
153832,"Quedlinburg","06484","Sachsen-Anhalt",6484
153832,"Quedlinburg","06485","Sachsen-Anhalt",6485
1185525,"Queidersbach","66851","Rheinland-Pfalz",66851
2012779,"Quendorf","48465","Niedersachsen",48465
1446641,"Querenhorst","38368","Niedersachsen",38368
2396173,"Querfurt","06268","Sachsen-Anhalt",6268
1675745,"Quernheim","49448","Niedersachsen",49448
443749,"Quickborn","25451","Schleswig-Holstein",25451
943923,"Quickborn","25712","Schleswig-Holstein",25712
1060406,"Quiddelbach","53518","Rheinland-Pfalz",53518
1184867,"Quierschied","66287","Saarland",66287
2778398,"Quirla","07646","Thüringen",7646
533591,"Quirnbach","56242","Rheinland-Pfalz",56242
1246489,"Quirnbach/Pfalz","66909","Rheinland-Pfalz",66909
1249732,"Quirnheim","67280","Rheinland-Pfalz",67280
1311143,"Quitzdorf am See","02906","Sachsen",2906
443299,"Raa-Besenbek","25335","Schleswig-Holstein",25335
1145351,"Rabel","24376","Schleswig-Holstein",24376
418612,"Rabenau","35466","Hessen",35466
455476,"Rabenau","01734","Sachsen",1734
1145093,"Rabenholz","24395","Schleswig-Holstein",24395
1147204,"Rabenkirchen-Faulück","24407","Schleswig-Holstein",24407
449935,"Raben Steinfeld","19065","Mecklenburg-Vorpommern",19065
556295,"Rabenstein/Fläming","14823","Brandenburg",14823
1446646,"Räbke","38375","Niedersachsen",38375
1307665,"Räckelwitz","01920","Sachsen",1920
418884,"Racksen","57612","Rheinland-Pfalz",57612
444743,"Rackwitz","04519","Sachsen",4519
1392132,"Radbruch","21449","Niedersachsen",21449
1183256,"Raddestorf","31604","Niedersachsen",31604
450067,"Rade","25579","Schleswig-Holstein",25579
548564,"Rade","24790","Schleswig-Holstein",24790
548564,"Rade","24794","Schleswig-Holstein",24794
1307202,"Radeberg","01454","Sachsen",1454
36820,"Radebeul","01445","Sachsen",1445
548592,"Rade b. Hohenwestedt","24594","Schleswig-Holstein",24594
551230,"Radeburg","01471","Sachsen",1471
173815,"Radevormwald","42477","Nordrhein-Westfalen",42477
1309632,"Radibor","02627","Sachsen",2627
2784987,"Radolfzell","78315","Baden-Württemberg",78315
162718,"Raesfeld","46348","Nordrhein-Westfalen",46348
1384834,"Ragow-Merz","15848","Brandenburg",15848
1329609,"Raguhn-Jeßnitz","06779","Sachsen-Anhalt",6779
1329609,"Raguhn-Jeßnitz","06800","Sachsen-Anhalt",6800
145233,"Rahden","32369","Nordrhein-Westfalen",32369
959634,"Rain","94369","Bayern",94369
962252,"Rain","86641","Bayern",86641
915551,"Rainau","73492","Baden-Württemberg",73492
936834,"Raisting","82399","Bayern",82399
1015140,"Raitenbuch","91790","Bayern",91790
1307706,"Ralbitz-Rosenthal","01920","Sachsen",1920
1260068,"Ralingen","54310","Rheinland-Pfalz",54310
1437543,"Ralswiek","18528","Mecklenburg-Vorpommern",18528
1252767,"Ramberg","76829","Rheinland-Pfalz",76829
1252767,"Ramberg","76857","Rheinland-Pfalz",76857
1438082,"Rambin","18573","Mecklenburg-Vorpommern",18573
2186934,"Ramerberg","83561","Bayern",83561
935360,"Ramhusen","25715","Schleswig-Holstein",25715
1407862,"Ramin","17321","Mecklenburg-Vorpommern",17321
1246626,"Rammelsbach","66887","Rheinland-Pfalz",66887
1307628,"Rammenau","01877","Sachsen",1877
937638,"Rammingen","89192","Baden-Württemberg",89192
968911,"Rammingen","86871","Bayern",86871
941797,"Ramsau bei Berchtesgaden","83486","Bayern",83486
1254495,"Ramsen","67305","Rheinland-Pfalz",67305
2857015,"Ramsla","99439","Thüringen",99439
1405166,"Ramstedt","25876","Schleswig-Holstein",25876
1253743,"Ramstein-Miesenbach","66877","Rheinland-Pfalz",66877
383591,"Ramsthal","97729","Bayern",97729
163737,"Randersacker","97236","Bayern",97236
1334097,"Randowtal","17291","Brandenburg",17291
2779213,"Rangendingen","72414","Baden-Württemberg",72414
162462,"Rangsdorf","15834","Brandenburg",15834
2179210,"Ranis","07389","Thüringen",7389
1433085,"Rankwitz","17406","Mecklenburg-Vorpommern",17406
2856463,"Rannstedt","99518","Thüringen",99518
383671,"Rannungen","97517","Bayern",97517
532375,"Ransbach-Baumbach","56235","Rheinland-Pfalz",56235
1252637,"Ranschbach","76829","Rheinland-Pfalz",76829
450113,"Ranstadt","63691","Hessen",63691
1253971,"Ransweiler","67808","Rheinland-Pfalz",67808
1405171,"Rantrum","25873","Schleswig-Holstein",25873
309177,"Rantzau","24321","Schleswig-Holstein",24321
309177,"Rantzau","24329","Schleswig-Holstein",24329
1437547,"Rappin","18528","Mecklenburg-Vorpommern",18528
419007,"Raschau-Markersbach","08352","Sachsen",8352
1257096,"Rascheid","54413","Rheinland-Pfalz",54413
454885,"Rasdorf","36169","Hessen",36169
907178,"Rastatt","76437","Baden-Württemberg",76437
2007765,"Rastdorf","26901","Niedersachsen",26901
1186789,"Rastede","26180","Niedersachsen",26180
2410100,"Rastenberg","99636","Thüringen",99636
289958,"Rastorf","24211","Schleswig-Holstein",24211
1451572,"Rastow","19077","Mecklenburg-Vorpommern",19077
382445,"Ratekau","23611","Schleswig-Holstein",23611
382445,"Ratekau","23626","Schleswig-Holstein",23626
382445,"Ratekau","23669","Schleswig-Holstein",23669
382445,"Ratekau","23689","Schleswig-Holstein",23689
534523,"Rathen","01824","Sachsen",1824
1271899,"Rathenow","14712","Brandenburg",14712
310401,"Rathjensdorf","24306","Schleswig-Holstein",24306
534532,"Rathmannsdorf","01814","Sachsen",1814
1253976,"Rathskirchen","67744","Rheinland-Pfalz",67744
1246631,"Rathsweiler","66887","Rheinland-Pfalz",66887
56682,"Ratingen","40472","Nordrhein-Westfalen",40472
56682,"Ratingen","40878","Nordrhein-Westfalen",40878
56682,"Ratingen","40880","Nordrhein-Westfalen",40880
56682,"Ratingen","40882","Nordrhein-Westfalen",40882
56682,"Ratingen","40883","Nordrhein-Westfalen",40883
56682,"Ratingen","40885","Nordrhein-Westfalen",40885
2781603,"Ratshausen","72365","Baden-Württemberg",72365
1077527,"Rattelsdorf","96179","Bayern",96179
2778399,"Rattelsdorf","07646","Thüringen",7646
959642,"Rattenberg","94371","Bayern",94371
940837,"Rattenkirchen","84431","Bayern",84431
959653,"Rattiszell","94372","Bayern",94372
1471100,"Ratzeburg","23909","Schleswig-Holstein",23909
445736,"Ratzert","57614","Rheinland-Pfalz",57614
1246440,"Rätzlingen","29590","Niedersachsen",29590
445748,"Raubach","56316","Rheinland-Pfalz",56316
2186954,"Raubling","83064","Bayern",83064
2778400,"Rauda","07613","Thüringen",7613
1384816,"Rauen","15518","Brandenburg",15518
453400,"Rauenberg","69231","Baden-Württemberg",69231
387773,"Rauhenebrach","96181","Bayern",96181
1244068,"Raumbach","55592","Rheinland-Pfalz",55592
444843,"Raunheim","65479","Hessen",65479
225483,"Rauschenberg","35282","Hessen",35282
2778401,"Rauschwitz","07616","Thüringen",7616
454250,"Rausdorf","22929","Schleswig-Holstein",22929
2778402,"Rausdorf","07646","Thüringen",7646
1241634,"Ravengiersburg","55471","Rheinland-Pfalz",55471
2808301,"Ravensburg","88212","Baden-Württemberg",88212
2808301,"Ravensburg","88213","Baden-Württemberg",88213
2808301,"Ravensburg","88214","Baden-Württemberg",88214
403731,"Ravenstein","74747","Baden-Württemberg",74747
1015227,"Raversbeuren","56850","Rheinland-Pfalz",56850
1241639,"Rayerschied","55469","Rheinland-Pfalz",55469
1021825,"Rech","53506","Rheinland-Pfalz",53506
2825845,"Rechberghausen","73098","Baden-Württemberg",73098
416544,"Rechenberg-Bienenmühle","09623","Sachsen",9623
1424143,"Rechlin","17248","Mecklenburg-Vorpommern",17248
337281,"Rechtenbach","97848","Bayern",97848
2803462,"Rechtenstein","89611","Baden-Württemberg",89611
940682,"Rechtmehring","83562","Bayern",83562
898639,"Rechtsupweg","26529","Niedersachsen",26529
155638,"Recke","49509","Nordrhein-Westfalen",49509
1077549,"Reckendorf","96182","Bayern",96182
539717,"Reckenroth","56370","Rheinland-Pfalz",56370
1245169,"Reckershausen","55481","Rheinland-Pfalz",55481
56665,"Recklinghausen","45657","Nordrhein-Westfalen",45657
56665,"Recklinghausen","45659","Nordrhein-Westfalen",45659
56665,"Recklinghausen","45661","Nordrhein-Westfalen",45661
56665,"Recklinghausen","45663","Nordrhein-Westfalen",45663
56665,"Recklinghausen","45665","Nordrhein-Westfalen",45665
394327,"Reddelich","18209","Mecklenburg-Vorpommern",18209
1451549,"Redefin","19230","Mecklenburg-Vorpommern",19230
158094,"Rednitzhembach","91126","Bayern",91126
1026860,"Redwitz a.d.Rodach","96257","Bayern",96257
167944,"Rees","46459","Nordrhein-Westfalen",46459
548516,"Reesdorf","24241","Schleswig-Holstein",24241
965605,"Reeßum","27367","Niedersachsen",27367
959158,"Regen","94209","Bayern",94209
62411,"Regensburg","93047","Bayern",93047
62411,"Regensburg","93049","Bayern",93049
62411,"Regensburg","93051","Bayern",93051
62411,"Regensburg","93053","Bayern",93053
62411,"Regensburg","93055","Bayern",93055
62411,"Regensburg","93057","Bayern",93057
62411,"Regensburg","93059","Bayern",93059
965012,"Regenstauf","93128","Bayern",93128
304947,"Regesbostel","21649","Niedersachsen",21649
420243,"Regis-Breitingen","04565","Sachsen",4565
1021702,"Regnitzlosau","95194","Bayern",95194
1021691,"Rehau","95111","Bayern",95111
1244159,"Rehbach","55566","Rheinland-Pfalz",55566
1244058,"Rehborn","55592","Rheinland-Pfalz",55592
1183266,"Rehburg-Loccum","31547","Niedersachsen",31547
1588114,"Rehden","49453","Niedersachsen",49453
533260,"Rehe","56479","Rheinland-Pfalz",56479
450064,"Reher","25593","Schleswig-Holstein",25593
1332909,"Rehfelde","15345","Brandenburg",15345
532395,"Rehhorst","23619","Schleswig-Holstein",23619
162455,"Rehling","86508","Bayern",86508
1846192,"Rehlingen","21385","Niedersachsen",21385
1184571,"Rehlingen-Siersburg","66780","Saarland",66780
952216,"Rehm-Flehde-Bargen","25776","Schleswig-Holstein",25776
1444879,"Rehna","19217","Mecklenburg-Vorpommern",19217
1246486,"Rehweiler","66907","Rheinland-Pfalz",66907
1241640,"Reich","55471","Rheinland-Pfalz",55471
453365,"Reichartshausen","74934","Baden-Württemberg",74934
450121,"Reichelsheim","61203","Hessen",61203
451796,"Reichelsheim (Odenwald)","64385","Hessen",64385
2784858,"Reichenau","78479","Baden-Württemberg",78479
961326,"Reichenbach","93189","Bayern",93189
1021745,"Reichenbach","96358","Bayern",96358
1245056,"Reichenbach","55776","Rheinland-Pfalz",55776
1311106,"Reichenbach","02894","Sachsen",2894
2778403,"Reichenbach","07629","Thüringen",7629
5818742,"Reichenbach","08468","Sachsen",8468
5818742,"Reichenbach","08491","Sachsen",8491
5818742,"Reichenbach","08499","Sachsen",8499
1231964,"Reichenbach am Heuberg","78564","Baden-Württemberg",78564
2792737,"Reichenbach an der Fils","73262","Baden-Württemberg",73262
1253794,"Reichenbach-Steegen","66879","Rheinland-Pfalz",66879
163746,"Reichenberg","97234","Bayern",97234
539911,"Reichenberg","56357","Rheinland-Pfalz",56357
1332935,"Reichenow-Möglin","15345","Brandenburg",15345
966154,"Reichenschwand","91244","Bayern",91244
1384809,"Reichenwalde","15526","Brandenburg",15526
935185,"Reichersbeuern","83677","Bayern",83677
396546,"Reichertshausen","85293","Bayern",85293
940708,"Reichertsheim","84437","Bayern",84437
387305,"Reichertshofen","85084","Bayern",85084
933951,"Reichling","86934","Bayern",86934
1273298,"Reichmannsdorf","98739","Thüringen",98739
173870,"Reichshof","51580","Nordrhein-Westfalen",51580
2531747,"Reichstädt","07580","Thüringen",7580
1253975,"Reichsthal","67759","Rheinland-Pfalz",67759
1246579,"Reichweiler","66871","Rheinland-Pfalz",66871
1269735,"Reidenhausen","56865","Rheinland-Pfalz",56865
1251037,"Reifenberg","66507","Rheinland-Pfalz",66507
415720,"Reiferscheid","57632","Rheinland-Pfalz",57632
1113744,"Reiff","54619","Rheinland-Pfalz",54619
1244057,"Reiffelbach","67829","Rheinland-Pfalz",67829
1060423,"Reifferscheid","53520","Rheinland-Pfalz",53520
1258635,"Reil","56861","Rheinland-Pfalz",56861
453403,"Reilingen","68799","Baden-Württemberg",68799
1075162,"Reimerath","53539","Rheinland-Pfalz",53539
1964781,"Reimershagen","18276","Mecklenburg-Vorpommern",18276
962466,"Reimlingen","86756","Bayern",86756
335683,"Reinbek","21465","Schleswig-Holstein",21465
335683,"Reinbek","21521","Schleswig-Holstein",21521
532401,"Reinfeld","23858","Schleswig-Holstein",23858
943199,"Reinhardshagen","34359","Hessen",34359
534533,"Reinhardtsdorf-Schöna","01814","Sachsen",1814
452423,"Reinheim","64354","Hessen",64354
2813794,"Reinholterode","37308","Thüringen",37308
416000,"Reinsberg","09629","Sachsen",9629
416000,"Reinsberg","09634","Sachsen",9634
447165,"Reinsbüttel","25764","Schleswig-Holstein",25764
417707,"Reinsdorf","08141","Sachsen",8141
2387362,"Reinsdorf","06556","Thüringen",6556
1257095,"Reinsfeld","54421","Rheinland-Pfalz",54421
2462250,"Reinstädt","07768","Thüringen",7768
1387436,"Reinstorf","21400","Niedersachsen",21400
1113736,"Reipeldingen","54689","Rheinland-Pfalz",54689
1246681,"Reipoltskirchen","67753","Rheinland-Pfalz",67753
959902,"Reisbach","94419","Bayern",94419
942011,"Reischach","84571","Bayern",84571
418615,"Reiskirchen","35447","Hessen",35447
941684,"Reit im Winkl","83242","Bayern",83242
1332900,"Reitwein","15328","Brandenburg",15328
539912,"Reitzenhain","56357","Rheinland-Pfalz",56357
162724,"Reken","48734","Nordrhein-Westfalen",48734
443755,"Rellingen","25462","Schleswig-Holstein",25462
1246670,"Relsberg","67753","Rheinland-Pfalz",67753
78548,"Remagen","53424","Rheinland-Pfalz",53424
1427002,"Remchingen","75196","Baden-Württemberg",75196
1273348,"Remda-Teichel","07407","Thüringen",7407
180677,"Remlingen","97280","Bayern",97280
6680396,"Remlingen-Semmenstedt","38319","Niedersachsen",38319
6680396,"Remlingen-Semmenstedt","38327","Niedersachsen",38327
548594,"Remmels","24594","Schleswig-Holstein",24594
2179211,"Remptendorf","07368","Thüringen",7368
62455,"Remscheid","42853","Nordrhein-Westfalen",42853
62455,"Remscheid","42855","Nordrhein-Westfalen",42855
62455,"Remscheid","42857","Nordrhein-Westfalen",42857
62455,"Remscheid","42859","Nordrhein-Westfalen",42859
62455,"Remscheid","42897","Nordrhein-Westfalen",42897
62455,"Remscheid","42899","Nordrhein-Westfalen",42899
413534,"Remse","08373","Sachsen",8373
405291,"Remseck am Neckar","71686","Baden-Württemberg",71686
401645,"Remshalden","73630","Baden-Württemberg",73630
2818247,"Remstädt","99869","Thüringen",99869
452978,"Renchen","77871","Baden-Württemberg",77871
548570,"Rendsburg","24768","Schleswig-Holstein",24768
310410,"Rendswühren","24619","Schleswig-Holstein",24619
444703,"Rengsdorf","56579","Rheinland-Pfalz",56579
2010632,"Renkenberge","49762","Niedersachsen",49762
1446639,"Rennau","38368","Niedersachsen",38368
533261,"Rennerod","56477","Rheinland-Pfalz",56477
943661,"Rennertshofen","86643","Bayern",86643
722151,"Renningen","71272","Baden-Württemberg",71272
1231951,"Renquishausen","78603","Baden-Württemberg",78603
2778404,"Renthendorf","07646","Thüringen",7646
388839,"Rentweinsdorf","96184","Bayern",96184
1392093,"Reppenstedt","21391","Niedersachsen",21391
394331,"Rerik","18230","Mecklenburg-Vorpommern",18230
1799474,"Rethem (Aller)","27336","Niedersachsen",27336
447312,"Rethwisch","25566","Schleswig-Holstein",25566
532317,"Rethwisch","23847","Schleswig-Holstein",23847
394324,"Retschow","18211","Mecklenburg-Vorpommern",18211
961331,"Rettenbach","93191","Bayern",93191
964464,"Rettenbach","89364","Bayern",89364
448121,"Rettenbach a.Auerberg","87675","Bayern",87675
957834,"Rettenberg","87549","Bayern",87549
1075142,"Retterath","56769","Rheinland-Pfalz",56769
418140,"Rettersen","57635","Rheinland-Pfalz",57635
540470,"Rettershain","56357","Rheinland-Pfalz",56357
539719,"Rettert","56370","Rheinland-Pfalz",56370
1343592,"Retzow","14641","Brandenburg",14641
335433,"Retzstadt","97282","Bayern",97282
548054,"Reudelsterz","56727","Rheinland-Pfalz",56727
1270373,"Reurieth","98646","Thüringen",98646
1416815,"Reußenköge","25821","Schleswig-Holstein",25821
957050,"Reut","84367","Bayern",84367
1970197,"Reute","79276","Baden-Württemberg",79276
1075991,"Reuth","54597","Rheinland-Pfalz",54597
62392,"Reuth b.Erbendorf","92717","Bayern",92717
2772661,"Reutlingen","72760","Baden-Württemberg",72760
2772661,"Reutlingen","72762","Baden-Württemberg",72762
2772661,"Reutlingen","72764","Baden-Württemberg",72764
2772661,"Reutlingen","72766","Baden-Württemberg",72766
2772661,"Reutlingen","72768","Baden-Württemberg",72768
2772661,"Reutlingen","72770","Baden-Württemberg",72770
1022895,"Rhade","27404","Niedersachsen",27404
1470260,"Rhauderfehn","26817","Niedersachsen",26817
1245092,"Rhaunen","55624","Rheinland-Pfalz",55624
78727,"Rheda-Wiedenbrück","33378","Nordrhein-Westfalen",33378
162717,"Rhede","46414","Nordrhein-Westfalen",46414
1470261,"Rhede (Ems)","26899","Niedersachsen",26899
452971,"Rheinau","77866","Baden-Württemberg",77866
173125,"Rheinbach","53359","Nordrhein-Westfalen",53359
58643,"Rheinberg","47495","Nordrhein-Westfalen",47495
311907,"Rheinböllen","55494","Rheinland-Pfalz",55494
443474,"Rheinbreitbach","53619","Rheinland-Pfalz",53619
444289,"Rheinbrohl","56598","Rheinland-Pfalz",56598
155707,"Rheine","48429","Nordrhein-Westfalen",48429
155707,"Rheine","48431","Nordrhein-Westfalen",48431
155707,"Rheine","48432","Nordrhein-Westfalen",48432
2787853,"Rheinfelden (Baden)","79618","Baden-Württemberg",79618
1124263,"Rheinhausen","79365","Baden-Württemberg",79365
950732,"Rheinmünster","77836","Baden-Württemberg",77836
1335914,"Rheinsberg","16818","Brandenburg",16818
1335914,"Rheinsberg","16831","Brandenburg",16831
1335914,"Rheinsberg","16835","Brandenburg",16835
1335914,"Rheinsberg","16837","Brandenburg",16837
659842,"Rheinstetten","76287","Baden-Württemberg",76287
1250450,"Rheinzabern","76764","Rheinland-Pfalz",76764
544549,"Rhens","56321","Rheinland-Pfalz",56321
544549,"Rhens","56323","Rheinland-Pfalz",56323
167999,"Rheurdt","47509","Nordrhein-Westfalen",47509
1332714,"Rhinow","14728","Brandenburg",14728
1252493,"Rhodt unter Rietburg","76835","Rheinland-Pfalz",76835
2247559,"Rhönblick","98617","Thüringen",98617
1399084,"Rhumspringe","37434","Niedersachsen",37434
1363357,"Ribbesbüttel","38551","Niedersachsen",38551
372846,"Ribnitz-Damgarten","18311","Mecklenburg-Vorpommern",18311
374151,"Richtenberg","18461","Mecklenburg-Vorpommern",18461
1240414,"Rickenbach","79736","Baden-Württemberg",79736
548572,"Rickert","24782","Schleswig-Holstein",24782
548572,"Rickert","24787","Schleswig-Holstein",24787
423151,"Rickling","24635","Schleswig-Holstein",24635
396005,"Ried","86510","Bayern",86510
388768,"Riedbach","97519","Bayern",97519
1182271,"Riede","27339","Niedersachsen",27339
1250685,"Riedelberg","66484","Rheinland-Pfalz",66484
447627,"Rieden","87668","Bayern",87668
544236,"Rieden","56745","Rheinland-Pfalz",56745
1028548,"Rieden","92286","Bayern",92286
448303,"Rieden am Forggensee","87669","Bayern",87669
384315,"Riedenberg","97792","Bayern",97792
956669,"Riedenburg","93339","Bayern",93339
162642,"Riedenheim","97283","Bayern",97283
2778542,"Riederich","72585","Baden-Württemberg",72585
2186935,"Riedering","83083","Bayern",83083
2808134,"Riedhausen","88377","Baden-Württemberg",88377
2802285,"Riedlingen","88499","Baden-Württemberg",88499
444332,"Riedstadt","64560","Hessen",64560
1124269,"Riegel","79359","Baden-Württemberg",79359
1184882,"Riegelsberg","66292","Saarland",66292
1241648,"Riegenroth","55469","Rheinland-Pfalz",55469
939371,"Riegsee","82418","Bayern",82418
966627,"Riekofen","93104","Bayern",93104
2785094,"Rielasingen-Worblingen","78239","Baden-Württemberg",78239
349451,"Rieneck","97794","Bayern",97794
1444877,"Rieps","19217","Mecklenburg-Vorpommern",19217
382415,"Riepsdorf","23738","Schleswig-Holstein",23738
549800,"Riesa","01587","Sachsen",1587
549800,"Riesa","01589","Sachsen",1589
549800,"Riesa","01591","Sachsen",1591
549800,"Riesa","01594","Sachsen",1594
915554,"Riesbürg","73469","Baden-Württemberg",73469
1251030,"Rieschweiler-Mühlbach","66509","Rheinland-Pfalz",66509
557142,"Rieseby","24354","Schleswig-Holstein",24354
1818489,"Rieste","49597","Niedersachsen",49597
1241481,"Riesweiler","55499","Rheinland-Pfalz",55499
78758,"Rietberg","33397","Nordrhein-Westfalen",33397
1231965,"Rietheim-Weilheim","78604","Baden-Württemberg",78604
2410101,"Riethgen","99638","Thüringen",99638
2411246,"Riethnordhausen","99195","Thüringen",99195
1311129,"Rietschen","02956","Sachsen",2956
1384840,"Rietz-Neuendorf","15848","Brandenburg",15848
1389286,"Rietzneuendorf-Staakow","15910","Brandenburg",15910
537059,"Rimbach","64668","Hessen",64668
957046,"Rimbach","84326","Bayern",84326
959884,"Rimbach","93485","Bayern",93485
183792,"Rimpar","97222","Bayern",97222
1244318,"Rimsberg","55765","Rheinland-Pfalz",55765
2186936,"Rimsting","83253","Bayern",83253
959160,"Rinchnach","94269","Bayern",94269
2014215,"Ringe","49824","Niedersachsen",49824
958955,"Ringelai","94160","Bayern",94160
549426,"Ringgau","37296","Hessen",37296
2387424,"Ringleben","06556","Thüringen",6556
2411247,"Ringleben","99189","Thüringen",99189
1149282,"Ringsberg","24977","Schleswig-Holstein",24977
453001,"Ringsheim","77975","Baden-Württemberg",77975
1252771,"Rinnthal","76857","Rheinland-Pfalz",76857
1169354,"Rinteln","31737","Niedersachsen",31737
1244273,"Rinzenberg","55767","Rheinland-Pfalz",55767
1255897,"Riol","54340","Rheinland-Pfalz",54340
5335199,"Rippershausen","98639","Thüringen",98639
1417210,"Risum-Lindholm","25920","Schleswig-Holstein",25920
2828345,"Ritschenhausen","98617","Thüringen",98617
423193,"Ritterhude","27721","Niedersachsen",27721
1152704,"Rittersdorf","54636","Rheinland-Pfalz",54636
2857016,"Rittersdorf","99448","Thüringen",99448
1254060,"Rittersheim","67294","Rheinland-Pfalz",67294
1465972,"Ritzerau","23896","Schleswig-Holstein",23896
1427700,"Ritzerow","17153","Mecklenburg-Vorpommern",17153
1259134,"Rivenich","54518","Rheinland-Pfalz",54518
1256951,"Riveris","54317","Rheinland-Pfalz",54317
1424147,"Röbel/Müritz","17207","Mecklenburg-Vorpommern",17207
1284765,"Rochau","39579","Sachsen-Anhalt",39579
414699,"Rochlitz","09306","Sachsen",9306
446620,"Rockenberg","35519","Hessen",35519
1253988,"Rockenhausen","67806","Rheinland-Pfalz",67806
1074563,"Rockeskyll","54570","Rheinland-Pfalz",54570
393580,"Rockhausen","99102","Thüringen",99102
534398,"Röckingen","91740","Bayern",91740
2389089,"Rockstedt","99713","Thüringen",99713
1427890,"Röckwitz","17091","Mecklenburg-Vorpommern",17091
1251061,"Rodalben","66976","Rheinland-Pfalz",66976
1060428,"Rodder","53520","Rheinland-Pfalz",53520
2902867,"Rodeberg","99976","Thüringen",99976
1245171,"Rödelhausen","56858","Rheinland-Pfalz",56858
387432,"Rödelmaier","97618","Bayern",97618
283612,"Rödelsee","97348","Bayern",97348
335457,"Roden","97849","Bayern",97849
1418655,"Rodenäs","25924","Schleswig-Holstein",25924
191522,"Rodenbach","67688","Rheinland-Pfalz",67688
535899,"Rodenbach","63517","Hessen",63517
445735,"Rodenbach bei Puderbach","57639","Rheinland-Pfalz",57639
548507,"Rodenbek","24247","Schleswig-Holstein",24247
1176596,"Rodenberg","31552","Niedersachsen",31552
956805,"Rödental","96472","Bayern",96472
551075,"Röderaue","01609","Sachsen",1609
1303773,"Röderland","04932","Brandenburg",4932
659748,"Rödermark","63322","Hessen",63322
1245192,"Rödern","55481","Rheinland-Pfalz",55481
1171861,"Rodershausen","54673","Rheinland-Pfalz",54673
422699,"Rödersheim-Gronau","67127","Rheinland-Pfalz",67127
1183252,"Rodewald","31637","Niedersachsen",31637
444399,"Rodewisch","08228","Sachsen",8228
659746,"Rodgau","63110","Hessen",63110
960527,"Roding","93426","Bayern",93426
147275,"Rödinghausen","32289","Nordrhein-Westfalen",32289
1479257,"Roduchelstorf","23923","Mecklenburg-Vorpommern",23923
1266501,"Roes","56754","Rheinland-Pfalz",56754
158018,"Roetgen","52159","Nordrhein-Westfalen",52159
964242,"Röfingen","89365","Bayern",89365
1286640,"Rogätz","39326","Sachsen-Anhalt",39326
941077,"Roggenburg","89297","Bayern",89297
1444907,"Roggendorf","19205","Mecklenburg-Vorpommern",19205
1479628,"Roggenstorf","23936","Mecklenburg-Vorpommern",23936
393353,"Roggentin","18184","Mecklenburg-Vorpommern",18184
962648,"Rögling","86703","Bayern",86703
1444899,"Rögnitz","19205","Mecklenburg-Vorpommern",19205
1152666,"Röhl","54636","Rheinland-Pfalz",54636
442929,"Rohlstorf","23821","Schleswig-Holstein",23821
158272,"Rohr","91189","Bayern",91189
2828435,"Rohr","98530","Thüringen",98530
252230,"Rohrbach","85296","Bayern",85296
1245058,"Rohrbach","55776","Rheinland-Pfalz",55776
1245194,"Rohrbach","55490","Rheinland-Pfalz",55490
1252795,"Rohrbach","76865","Rheinland-Pfalz",76865
1273283,"Rohrbach","07429","Thüringen",7429
2856464,"Rohrbach","99439","Thüringen",99439
1285580,"Rohrberg","38489","Sachsen-Anhalt",38489
2395940,"Rohrberg","37318","Thüringen",37318
1181071,"Rohrdorf","72229","Baden-Württemberg",72229
2186937,"Rohrdorf","83101","Bayern",83101
943677,"Rohrenfels","86701","Bayern",86701
2396156,"Röhrig","37318","Thüringen",37318
956646,"Rohr i.NB","93352","Bayern",93352
934471,"Röhrmoos","85244","Bayern",85244
958953,"Röhrnbach","94133","Bayern",94133
1183263,"Rohrsen","31627","Niedersachsen",31627
409708,"Roigheim","74255","Baden-Württemberg",74255
1432656,"Roklum","38325","Niedersachsen",38325
396162,"Röllbach","63934","Bayern",63934
1399082,"Rollshausen","37434","Niedersachsen",37434
1410904,"Rollwitz","17309","Mecklenburg-Vorpommern",17309
449898,"Rom","19372","Mecklenburg-Vorpommern",19372
418397,"Römerberg","67354","Rheinland-Pfalz",67354
2774200,"Römerstein","72587","Baden-Württemberg",72587
1271532,"Römhild","98630","Thüringen",98630
1108036,"Rommersheim","54597","Rheinland-Pfalz",54597
168488,"Rommerskirchen","41569","Nordrhein-Westfalen",41569
1470111,"Römnitz","23909","Schleswig-Holstein",23909
418331,"Romrod","36329","Hessen",36329
1460230,"Römstedt","29591","Niedersachsen",29591
1469214,"Rondeshagen","23919","Schleswig-Holstein",23919
535897,"Ronneburg","63549","Hessen",63549
2789114,"Ronneburg","07580","Thüringen",7580
2012735,"Ronnenberg","30952","Niedersachsen",30952
448039,"Ronsberg","87671","Bayern",87671
238966,"Ronshausen","36217","Hessen",36217
1258416,"Rorodt","54411","Rheinland-Pfalz",54411
2821145,"Rosa","98590","Thüringen",98590
450122,"Rosbach v. d. Höhe","61191","Hessen",61191
1252489,"Roschbach","76835","Rheinland-Pfalz",76835
1460227,"Rosche","29571","Niedersachsen",29571
1113727,"Roscheid","54619","Rheinland-Pfalz",54619
450223,"Rosdorf","25548","Schleswig-Holstein",25548
1399069,"Rosdorf","37124","Niedersachsen",37124
1467349,"Roseburg","21514","Schleswig-Holstein",21514
964561,"Rosenau","14789","Brandenburg",14789
1311103,"Rosenbach","02708","Sachsen",2708
1605066,"Rosenbach/Vogtl.","08527","Sachsen",8527
1605066,"Rosenbach/Vogtl.","08539","Sachsen",8539
1605066,"Rosenbach/Vogtl.","08548","Sachsen",8548
403729,"Rosenberg","74749","Baden-Württemberg",74749
915450,"Rosenberg","73494","Baden-Württemberg",73494
157771,"Rosendahl","48720","Nordrhein-Westfalen",48720
2179212,"Rosendorf","07819","Thüringen",7819
2779392,"Rosenfeld","72348","Baden-Württemberg",72348
68669,"Rosengarten","21224","Niedersachsen",21224
391367,"Rosengarten","74538","Baden-Württemberg",74538
421916,"Rosenheim","57520","Rheinland-Pfalz",57520
2168233,"Rosenheim","83022","Bayern",83022
2168233,"Rosenheim","83024","Bayern",83024
2168233,"Rosenheim","83026","Bayern",83026
1250671,"Rosenkopf","66894","Rheinland-Pfalz",66894
1427690,"Rosenow","17091","Mecklenburg-Vorpommern",17091
443595,"Rosenthal","35119","Hessen",35119
534527,"Rosenthal-Bielatal","01824","Sachsen",1824
2778488,"Rositz","04617","Thüringen",4617
974216,"Roskow","14778","Brandenburg",14778
1022876,"Röslau","95195","Bayern",95195
173102,"Rösrath","51503","Nordrhein-Westfalen",51503
411427,"Rossau","09661","Sachsen",9661
231978,"Roßbach","53547","Rheinland-Pfalz",53547
453175,"Roßbach","56271","Rheinland-Pfalz",56271
957068,"Roßbach","94439","Bayern",94439
452395,"Roßdorf","64380","Hessen",64380
2821159,"Roßdorf","98590","Thüringen",98590
448302,"Roßhaupten","87672","Bayern",87672
1432552,"Rossin","17398","Mecklenburg-Vorpommern",17398
2340853,"Roßleben","06556","Thüringen",6556
2340853,"Roßleben","06571","Thüringen",6571
1411885,"Rossow","17322","Mecklenburg-Vorpommern",17322
1016400,"Roßtal","90574","Bayern",90574
415417,"Roßwein","04741","Sachsen",4741
62405,"Rostock","18055","Mecklenburg-Vorpommern",18055
62405,"Rostock","18057","Mecklenburg-Vorpommern",18057
62405,"Rostock","18059","Mecklenburg-Vorpommern",18059
62405,"Rostock","18069","Mecklenburg-Vorpommern",18069
62405,"Rostock","18106","Mecklenburg-Vorpommern",18106
62405,"Rostock","18107","Mecklenburg-Vorpommern",18107
62405,"Rostock","18109","Mecklenburg-Vorpommern",18109
62405,"Rostock","18119","Mecklenburg-Vorpommern",18119
62405,"Rostock","18146","Mecklenburg-Vorpommern",18146
62405,"Rostock","18147","Mecklenburg-Vorpommern",18147
62405,"Rostock","18181","Mecklenburg-Vorpommern",18181
62405,"Rostock","18182","Mecklenburg-Vorpommern",18182
387763,"Rot am See","74585","Baden-Württemberg",74585
2801248,"Rot an der Rot","88430","Baden-Württemberg",88430
357187,"Rotenburg","27356","Niedersachsen",27356
238957,"Rotenburg an der Fulda","36199","Hessen",36199
535017,"Rotenhain","56459","Rheinland-Pfalz",56459
1363424,"Rötgesbüttel","38531","Niedersachsen",38531
158556,"Roth","91154","Bayern",91154
420580,"Roth","57539","Rheinland-Pfalz",57539
539707,"Roth","56368","Rheinland-Pfalz",56368
1204716,"Roth","56288","Rheinland-Pfalz",56288
1243986,"Roth","55442","Rheinland-Pfalz",55442
420479,"Rötha","04571","Sachsen",4571
1171850,"Roth an der Our","54675","Rheinland-Pfalz",54675
1108060,"Roth bei Prüm","54597","Rheinland-Pfalz",54597
1410792,"Rothemühl","17379","Mecklenburg-Vorpommern",17379
535018,"Rothenbach","56459","Rheinland-Pfalz",56459
959855,"Röthenbach (Allgäu)","88167","Bayern",88167
966170,"Röthenbach an der Pegnitz","90552","Bayern",90552
387541,"Rothenbuch","63860","Bayern",63860
387541,"Rothenbuch","97840","Bayern",97840
287759,"Rothenburg ob der Tauber","91541","Bayern",91541
1311137,"Rothenburg/Oberlausitz","02929","Sachsen",2929
337250,"Rothenfels","97851","Bayern",97851
1411925,"Rothenklempenow","17321","Mecklenburg-Vorpommern",17321
1411925,"Rothenklempenow","17322","Mecklenburg-Vorpommern",17322
2458465,"Rothenstein","07751","Thüringen",7751
318307,"Röthlein","97520","Bayern",97520
1246678,"Rothselberg","67753","Rheinland-Pfalz",67753
1244321,"Rötsweiler-Nockenthal","55767","Rheinland-Pfalz",55767
415716,"Rott","57632","Rheinland-Pfalz",57632
933904,"Rott","86935","Bayern",86935
935950,"Rottach-Egern","83700","Bayern",83700
2186938,"Rott am Inn","83543","Bayern",83543
937786,"Rottenacker","89616","Baden-Württemberg",89616
158433,"Röttenbach","91187","Bayern",91187
1016512,"Röttenbach","91341","Bayern",91341
936785,"Rottenbuch","82401","Bayern",82401
179380,"Rottenburg a. d. Laaber","84056","Bayern",84056
2778912,"Rottenburg am Neckar","72108","Baden-Württemberg",72108
182349,"Rottendorf","97228","Bayern",97228
2829530,"Rotterode","98587","Thüringen",98587
958110,"Rotthalmünster","94094","Bayern",94094
162673,"Röttingen","97285","Bayern",97285
943756,"Rottweil","78628","Baden-Württemberg",78628
960508,"Rötz","92444","Bayern",92444
393345,"Rövershagen","18182","Mecklenburg-Vorpommern",18182
1244230,"Roxheim","55595","Rheinland-Pfalz",55595
1432699,"Rubenow","17509","Mecklenburg-Vorpommern",17509
543132,"Rüber","56295","Rheinland-Pfalz",56295
1433745,"Rubkow","17390","Mecklenburg-Vorpommern",17390
533592,"Rückeroth","56244","Rheinland-Pfalz",56244
966153,"Rückersdorf","90607","Bayern",90607
1322952,"Rückersdorf","03238","Brandenburg",3238
2790440,"Rückersdorf","07580","Thüringen",7580
448307,"Rückholz","87494","Bayern",87494
1245062,"Rückweiler","55776","Rheinland-Pfalz",55776
29822,"Rudelzhausen","84104","Bayern",84104
393500,"Rüdenau","63924","Bayern",63924
283693,"Rüdenhausen","97355","Bayern",97355
447975,"Ruderatshofen","87674","Bayern",87674
401647,"Rudersberg","73635","Baden-Württemberg",73635
2410102,"Rudersdorf","99628","Thüringen",99628
1332927,"Rüdersdorf bei Berlin","15345","Brandenburg",15345
1332927,"Rüdersdorf bei Berlin","15378","Brandenburg",15378
1332927,"Rüdersdorf bei Berlin","15562","Brandenburg",15562
1399080,"Rüdershausen","37434","Niedersachsen",37434
958108,"Ruderting","94161","Bayern",94161
1244226,"Rüdesheim","55593","Rheinland-Pfalz",55593
409093,"Rüdesheim am Rhein","65385","Hessen",65385
1318332,"Rüdnitz","16321","Brandenburg",16321
1273347,"Rudolstadt","07407","Thüringen",7407
1022777,"Rugendorf","95365","Bayern",95365
1149230,"Rügge","24392","Schleswig-Holstein",24392
1149230,"Rügge","24405","Schleswig-Holstein",24405
534272,"Rügland","91622","Bayern",91622
1337350,"Rühen","38471","Niedersachsen",38471
1268940,"Ruhla","99842","Thüringen",99842
1314277,"Ruhland","01945","Brandenburg",1945
959164,"Ruhmannsfelden","94239","Bayern",94239
1963382,"Rühn","18246","Mecklenburg-Vorpommern",18246
941688,"Ruhpolding","83324","Bayern",83324
1289806,"Rühstädt","19322","Brandenburg",19322
958120,"Ruhstorf a.d.Rott","94099","Bayern",94099
310409,"Ruhwinkel","24601","Schleswig-Holstein",24601
1964352,"Rukieten","18258","Mecklenburg-Vorpommern",18258
1978258,"Rullstorf","21379","Niedersachsen",21379
1250429,"Rülzheim","76761","Rheinland-Pfalz",76761
1251121,"Rumbach","76891","Rheinland-Pfalz",76891
1244000,"Rümmelsheim","55452","Rheinland-Pfalz",55452
1130278,"Rümmingen","79595","Baden-Württemberg",79595
548509,"Rumohr","24254","Schleswig-Holstein",24254
532321,"Rümpel","23843","Schleswig-Holstein",23843
961934,"Runding","93486","Bayern",93486
324308,"Runkel","65594","Hessen",65594
453849,"Ruppach-Goldhausen","56412","Rheinland-Pfalz",56412
1249971,"Ruppertsberg","67152","Rheinland-Pfalz",67152
1253990,"Ruppertsecken","67808","Rheinland-Pfalz",67808
540471,"Ruppertshofen","56357","Rheinland-Pfalz",56357
915422,"Ruppertshofen","73577","Baden-Württemberg",73577
1251158,"Ruppertsweiler","66957","Rheinland-Pfalz",66957
173116,"Ruppichteroth","53809","Nordrhein-Westfalen",53809
1245061,"Ruschberg","55776","Rheinland-Pfalz",55776
444699,"Rüscheid","56584","Rheinland-Pfalz",56584
444912,"Rüsselsheim am Main","65428","Hessen",65428
1254394,"Rüssingen","67308","Rheinland-Pfalz",67308
453000,"Rust","77977","Baden-Württemberg",77977
2395972,"Rustenfelde","37318","Thüringen",37318
722154,"Rutesheim","71277","Baden-Württemberg",71277
153398,"Rüthen","59602","Nordrhein-Westfalen",59602
1302368,"Rüthnick","16835","Brandenburg",16835
1246576,"Ruthweiler","66869","Rheinland-Pfalz",66869
1481617,"Rüting","23936","Mecklenburg-Vorpommern",23936
1246619,"Rutsweiler am Glan","66887","Rheinland-Pfalz",66887
1246668,"Rutsweiler an der Lauter","67752","Rheinland-Pfalz",67752
2778405,"Ruttersdorf-Lotschen","07646","Thüringen",7646
374286,"Saal","18317","Mecklenburg-Vorpommern",18317
956675,"Saal a.d.Donau","93342","Bayern",93342
387519,"Saal a.d.Saale","97633","Bayern",97633
2179213,"Saalburg-Ebersdorf","07929","Thüringen",7929
941756,"Saaldorf-Surheim","83416","Bayern",83416
2856465,"Saaleplatte","99510","Thüringen",99510
1273356,"Saalfelder Höhe","07422","Thüringen",7422
1273359,"Saalfeld/Saale","07318","Thüringen",7318
1250997,"Saalstadt","66919","Rheinland-Pfalz",66919
2804575,"Saara","07589","Thüringen",7589
1187159,"Saarbrücken","66111","Saarland",66111
1187159,"Saarbrücken","66113","Saarland",66113
1187159,"Saarbrücken","66115","Saarland",66115
1187159,"Saarbrücken","66117","Saarland",66117
1187159,"Saarbrücken","66119","Saarland",66119
1187159,"Saarbrücken","66121","Saarland",66121
1187159,"Saarbrücken","66123","Saarland",66123
1187159,"Saarbrücken","66125","Saarland",66125
1187159,"Saarbrücken","66126","Saarland",66126
1187159,"Saarbrücken","66127","Saarland",66127
1187159,"Saarbrücken","66128","Saarland",66128
1187159,"Saarbrücken","66129","Saarland",66129
1187159,"Saarbrücken","66130","Saarland",66130
1187159,"Saarbrücken","66131","Saarland",66131
1187159,"Saarbrücken","66132","Saarland",66132
1187159,"Saarbrücken","66133","Saarland",66133
1256034,"Saarburg","54439","Rheinland-Pfalz",54439
1184570,"Saarlouis","66740","Saarland",66740
1184566,"Saarwellingen","66793","Saarland",66793
534385,"Sachsen bei Ansbach","91623","Bayern",91623
1263900,"Sachsenbrunn","98678","Thüringen",98678
1182472,"Sachsenhagen","31553","Niedersachsen",31553
2856466,"Sachsenhausen","99439","Thüringen",99439
405823,"Sachsenheim","74343","Baden-Württemberg",74343
935179,"Sachsenkam","83679","Bayern",83679
155713,"Saerbeck","48369","Nordrhein-Westfalen",48369
194600,"Saffig","56648","Rheinland-Pfalz",56648
1437949,"Sagard","18551","Mecklenburg-Vorpommern",18551
1467513,"Sahms","21493","Schleswig-Holstein",21493
379882,"Sailauf","63877","Bayern",63877
2792103,"Salach","73084","Baden-Württemberg",73084
959657,"Salching","94330","Bayern",94330
958970,"Saldenburg","94163","Bayern",94163
1476157,"Salem","23883","Schleswig-Holstein",23883
1476157,"Salem","23911","Schleswig-Holstein",23911
2806603,"Salem","88682","Baden-Württemberg",88682
957725,"Salgen","87775","Bayern",87775
1322950,"Sallgast","03238","Brandenburg",3238
1074564,"Salm","54570","Rheinland-Pfalz",54570
1259143,"Salmtal","54528","Rheinland-Pfalz",54528
387325,"Salz","97616","Bayern",97616
534488,"Salz","56414","Rheinland-Pfalz",56414
2406726,"Salzatal","06198","Sachsen-Anhalt",6198
1250150,"Salzbergen","48499","Niedersachsen",48499
533262,"Salzburg","56479","Rheinland-Pfalz",56479
62659,"Salzgitter","38226","Niedersachsen",38226
62659,"Salzgitter","38228","Niedersachsen",38228
62659,"Salzgitter","38229","Niedersachsen",38229
62659,"Salzgitter","38239","Niedersachsen",38239
62659,"Salzgitter","38259","Niedersachsen",38259
335206,"Salzhausen","21376","Niedersachsen",21376
1186469,"Salzhemmendorf","31020","Niedersachsen",31020
148081,"Salzkotten","33154","Nordrhein-Westfalen",33154
1285595,"Salzwedel","29410","Sachsen-Anhalt",29410
958102,"Salzweg","94121","Bayern",94121
2186939,"Samerberg","83122","Bayern",83122
2012780,"Samern","48465","Niedersachsen",48465
1438068,"Samtens","18573","Mecklenburg-Vorpommern",18573
387771,"Sand a.Main","97522","Bayern",97522
1284759,"Sandau (Elbe)","39524","Sachsen-Anhalt",39524
387470,"Sandberg","97657","Bayern",97657
1023212,"Sandbostel","27446","Niedersachsen",27446
1187754,"Sande","26452","Niedersachsen",26452
1329612,"Sandersdorf-Brehna","06792","Sachsen-Anhalt",6792
1329612,"Sandersdorf-Brehna","06794","Sachsen-Anhalt",6794
1329612,"Sandersdorf-Brehna","06796","Sachsen-Anhalt",6796
1329612,"Sandersdorf-Brehna","06809","Sachsen-Anhalt",6809
1464774,"Sandesneben","23898","Schleswig-Holstein",23898
453405,"Sandhausen","69207","Baden-Württemberg",69207
2399162,"Sangerhausen","06526","Sachsen-Anhalt",6526
393356,"Sanitz","18190","Mecklenburg-Vorpommern",18190
1253980,"Sankt Alban","67813","Rheinland-Pfalz",67813
1253980,"Sankt Alban","67822","Rheinland-Pfalz",67822
1269721,"Sankt Aldegund","56858","Rheinland-Pfalz",56858
949910,"Sankt Annen","25776","Schleswig-Holstein",25776
158642,"Sankt Augustin","53757","Nordrhein-Westfalen",53757
1270376,"Sankt Bernhard","98660","Thüringen",98660
959665,"Sankt Englmar","94379","Bayern",94379
1190015,"Sankt Goar","56329","Rheinland-Pfalz",56329
539918,"Sankt Goarshausen","56346","Rheinland-Pfalz",56346
1184823,"Sankt Ingbert","66386","Saarland",66386
548055,"Sankt Johann","56727","Rheinland-Pfalz",56727
1245781,"Sankt Johann","55578","Rheinland-Pfalz",55578
1246778,"Sankt Julian","66887","Rheinland-Pfalz",66887
443575,"Sankt Katharinen","53562","Rheinland-Pfalz",53562
1244234,"Sankt Katharinen","55595","Rheinland-Pfalz",55595
448011,"Sankt Margarethen","25572","Schleswig-Holstein",25572
1252415,"Sankt Martin","67487","Rheinland-Pfalz",67487
938081,"Sankt Michaelisdonn","25693","Schleswig-Holstein",25693
958979,"Sankt Oswald-Riedlhütte","94566","Bayern",94566
958979,"Sankt Oswald-Riedlhütte","94568","Bayern",94568
1950429,"Sankt Peter","79271","Baden-Württemberg",79271
1395345,"Sankt Peter-Ording","25826","Schleswig-Holstein",25826
548980,"Sankt Sebastian","56220","Rheinland-Pfalz",56220
1140561,"Sankt Thomas","54655","Rheinland-Pfalz",54655
1184603,"Sankt Wendel","66606","Saarland",66606
934757,"Sankt Wolfgang","84427","Bayern",84427
1241624,"Sargenroth","55471","Rheinland-Pfalz",55471
450069,"Sarlhusen","24616","Schleswig-Holstein",24616
1085813,"Sarmersbach","54552","Rheinland-Pfalz",54552
1971866,"Sarmstorf","18276","Mecklenburg-Vorpommern",18276
1432535,"Sarnow","17392","Mecklenburg-Vorpommern",17392
1427218,"Sarow","17111","Mecklenburg-Vorpommern",17111
90874,"Sarstedt","31157","Niedersachsen",31157
422932,"Sarzbüttel","25785","Schleswig-Holstein",25785
452973,"Sasbach","77880","Baden-Württemberg",77880
1124272,"Sasbach am Kaiserstuhl","79361","Baden-Württemberg",79361
452975,"Sasbachwalden","77887","Baden-Württemberg",77887
1075136,"Sassen","56767","Rheinland-Pfalz",56767
152284,"Sassenberg","48336","Nordrhein-Westfalen",48336
1392805,"Sassenburg","38524","Niedersachsen",38524
1427502,"Sassen-Trantow","17121","Mecklenburg-Vorpommern",17121
1437541,"Sassnitz","18546","Mecklenburg-Vorpommern",18546
1109692,"Saterland","26683","Niedersachsen",26683
394334,"Satow","18239","Mecklenburg-Vorpommern",18239
390786,"Satteldorf","74589","Baden-Württemberg",74589
446430,"Sauensiek","21644","Niedersachsen",21644
929730,"Sauerlach","82054","Bayern",82054
539917,"Sauerthal","65391","Rheinland-Pfalz",65391
2805754,"Sauldorf","88605","Baden-Württemberg",88605
937797,"Saulgrub","82442","Bayern",82442
1248412,"Saulheim","55291","Rheinland-Pfalz",55291
1149241,"Saustrup","24392","Schleswig-Holstein",24392
1432363,"Sauzin","17440","Mecklenburg-Vorpommern",17440
1085806,"Saxler","54558","Rheinland-Pfalz",54558
416546,"Sayda","09619","Sachsen",9619
452388,"Schaafheim","64850","Hessen",64850
1149334,"Schaalby","24882","Schleswig-Holstein",24882
548565,"Schacht-Audorf","24790","Schleswig-Holstein",24790
548565,"Schacht-Audorf","24794","Schleswig-Holstein",24794
2395976,"Schachtebich","37318","Thüringen",37318
422877,"Schackendorf","23795","Schleswig-Holstein",23795
1156027,"Schafflund","24980","Schleswig-Holstein",24980
422974,"Schafstedt","25725","Schleswig-Holstein",25725
929704,"Schäftlarn","82067","Bayern",82067
929704,"Schäftlarn","82069","Bayern",82069
1273181,"Schalkau","96528","Thüringen",96528
1050569,"Schalkenbach","53426","Rheinland-Pfalz",53426
1085808,"Schalkenmehren","54552","Rheinland-Pfalz",54552
192234,"Schalkham","84175","Bayern",84175
964294,"Schalkholz","25782","Schleswig-Holstein",25782
1814898,"Schalksmühle","58579","Nordrhein-Westfalen",58579
1130280,"Schallbach","79597","Baden-Württemberg",79597
1186700,"Schallodenbach","67701","Rheinland-Pfalz",67701
1946216,"Schallstadt","79227","Baden-Württemberg",79227
1163499,"Schankweiler","54668","Rheinland-Pfalz",54668
2006848,"Schapen","48480","Niedersachsen",48480
1438074,"Schaprode","18569","Mecklenburg-Vorpommern",18569
382443,"Scharbeutz","23629","Schleswig-Holstein",23629
382443,"Scharbeutz","23683","Schleswig-Holstein",23683
382443,"Scharbeutz","23684","Schleswig-Holstein",23684
1152693,"Scharfbillig","54636","Rheinland-Pfalz",54636
1978259,"Scharnebeck","21379","Niedersachsen",21379
382429,"Schashagen","23730","Schleswig-Holstein",23730
533415,"Schauenburg","34270","Hessen",34270
1021711,"Schauenstein","95197","Bayern",95197
1250991,"Schauerberg","66919","Rheinland-Pfalz",66919
959804,"Schaufling","94571","Bayern",94571
1245104,"Schauren","55758","Rheinland-Pfalz",55758
1269726,"Schauren","56865","Rheinland-Pfalz",56865
2186940,"Schechen","83135","Bayern",83135
915451,"Schechingen","73579","Baden-Württemberg",73579
1399081,"Scheden","37127","Niedersachsen",37127
2805405,"Scheer","72516","Baden-Württemberg",72516
357189,"Scheeßel","27383","Niedersachsen",27383
403734,"Schefflenz","74850","Baden-Württemberg",74850
1149233,"Scheggerott","24392","Schleswig-Holstein",24392
536626,"Scheibenberg","09481","Sachsen",9481
1250482,"Scheibenhardt","76779","Rheinland-Pfalz",76779
1075998,"Scheid","54611","Rheinland-Pfalz",54611
959436,"Scheidegg","88175","Bayern",88175
2778406,"Scheiditz","07646","Thüringen",7646
537204,"Scheidt","56379","Rheinland-Pfalz",56379
356989,"Scheinfeld","91443","Bayern",91443
1171883,"Scheitenkorb","54673","Rheinland-Pfalz",54673
2790242,"Schelklingen","89601","Baden-Württemberg",89601
1182651,"Schellerten","31174","Niedersachsen",31174
310388,"Schellhorn","24211","Schleswig-Holstein",24211
1246577,"Schellweiler","66869","Rheinland-Pfalz",66869
2801350,"Schemmerhofen","88433","Baden-Württemberg",88433
443485,"Schenefeld","22869","Schleswig-Holstein",22869
448772,"Schenefeld","25560","Schleswig-Holstein",25560
533593,"Schenkelberg","56244","Rheinland-Pfalz",56244
1334083,"Schenkenberg","17291","Brandenburg",17291
1351323,"Schenkendöbern","03172","Brandenburg",3172
943739,"Schenkenzell","77773","Baden-Württemberg",77773
275086,"Schenklengsfeld","36277","Hessen",36277
58586,"Schermbeck","46514","Nordrhein-Westfalen",46514
943541,"Schernfeld","85132","Bayern",85132
935176,"Scherstetten","86872","Bayern",86872
1077566,"Scheßlitz","96110","Bayern",96110
422314,"Scheuerfeld","57584","Rheinland-Pfalz",57584
1171856,"Scheuern","54673","Rheinland-Pfalz",54673
933797,"Scheuring","86937","Bayern",86937
396553,"Scheyern","85298","Bayern",85298
142697,"Schieder-Schwalenberg","32816","Nordrhein-Westfalen",32816
442931,"Schieren","23795","Schleswig-Holstein",23795
548508,"Schierensee","24241","Schleswig-Holstein",24241
966623,"Schierling","84069","Bayern",84069
1253870,"Schiersfeld","67808","Rheinland-Pfalz",67808
1253870,"Schiersfeld","67823","Rheinland-Pfalz",67823
538930,"Schiesheim","65623","Rheinland-Pfalz",65623
2083536,"Schiffdorf","27619","Niedersachsen",27619
418400,"Schifferstadt","67105","Rheinland-Pfalz",67105
1187147,"Schiffweiler","66578","Saarland",66578
1322954,"Schilda","03253","Brandenburg",3253
1444902,"Schildetal","19209","Mecklenburg-Vorpommern",19209
1256081,"Schillingen","54429","Rheinland-Pfalz",54429
534092,"Schillingsfürst","91583","Bayern",91583
2410103,"Schillingstedt","99625","Thüringen",99625
310414,"Schillsdorf","24637","Schleswig-Holstein",24637
943748,"Schiltach","77761","Baden-Württemberg",77761
161915,"Schiltberg","86576","Bayern",86576
2515178,"Schimberg","37308","Thüringen",37308
1251112,"Schindhard","66996","Rheinland-Pfalz",66996
548493,"Schinkel","24214","Schleswig-Holstein",24214
1464769,"Schiphorst","23847","Schleswig-Holstein",23847
1314219,"Schipkau","01968","Brandenburg",1968
1314219,"Schipkau","01993","Brandenburg",1993
1314219,"Schipkau","01994","Brandenburg",1994
1314219,"Schipkau","01998","Brandenburg",1998
1605086,"Schirgiswalde-Kirschau","02681","Sachsen",2681
1059449,"Schirmitz","92718","Bayern",92718
1022870,"Schirnding","95706","Bayern",95706
444738,"Schkeuditz","04435","Sachsen",4435
2778407,"Schkölen","07619","Thüringen",7619
2406261,"Schkopau","06258","Sachsen-Anhalt",6258
3300397,"Schladen-Werla","38315","Niedersachsen",38315
1258880,"Schladt","54534","Rheinland-Pfalz",54534
1444880,"Schlagsdorf","19217","Mecklenburg-Vorpommern",19217
2796468,"Schlaitdorf","72667","Baden-Württemberg",72667
1059444,"Schlammersdorf","95519","Bayern",95519
142753,"Schlangen","33189","Nordrhein-Westfalen",33189
403139,"Schlangenbad","65388","Hessen",65388
2792117,"Schlat","73114","Baden-Württemberg",73114
1384801,"Schlaubetal","15890","Brandenburg",15890
941706,"Schleching","83259","Bayern",83259
1270323,"Schlechtsart","98663","Thüringen",98663
2179214,"Schlegel","07366","Thüringen",7366
935260,"Schlehdorf","82439","Bayern",82439
935260,"Schlehdorf","82444","Bayern",82444
1255916,"Schleich","54340","Rheinland-Pfalz",54340
1152670,"Schleid","54636","Rheinland-Pfalz",54636
2898843,"Schleid","36419","Thüringen",36419
158147,"Schleiden","53937","Nordrhein-Westfalen",53937
1310638,"Schleife","02959","Sachsen",2959
2778408,"Schleifreisen","07629","Thüringen",7629
2179215,"Schleiz","07907","Thüringen",7907
374281,"Schlemmin","18320","Mecklenburg-Vorpommern",18320
1389278,"Schlepzig","15910","Brandenburg",15910
167439,"Schlesen","24256","Schleswig-Holstein",24256
904512,"Schleswig","24837","Schleswig-Holstein",24837
536629,"Schlettau","09487","Sachsen",9487
1263897,"Schleusegrund","98666","Thüringen",98666
1263897,"Schleusegrund","98667","Thüringen",98667
1266330,"Schleusingen","98553","Thüringen",98553
949911,"Schlichting","25779","Schleswig-Holstein",25779
1303815,"Schlieben","04936","Brandenburg",4936
233450,"Schliengen","79418","Baden-Württemberg",79418
2808302,"Schlier","88281","Baden-Württemberg",88281
2792757,"Schlierbach","73278","Baden-Württemberg",73278
1245190,"Schlierschied","55483","Rheinland-Pfalz",55483
935959,"Schliersee","83727","Bayern",83727
418329,"Schlitz","36110","Hessen",36110
2778409,"Schlöben","07646","Thüringen",7646
2000633,"Schloen-Dratow","17192","Mecklenburg-Vorpommern",17192
2000633,"Schloen-Dratow","17219","Mecklenburg-Vorpommern",17219
1244210,"Schloßböckelheim","55596","Rheinland-Pfalz",55596
138170,"Schloß Holte-Stukenbrock","33758","Nordrhein-Westfalen",33758
2411292,"Schloßvippach","99195","Thüringen",99195
450217,"Schlotfeld","25551","Schleswig-Holstein",25551
2902826,"Schlotheim","99994","Thüringen",99994
317469,"Schluchsee","79859","Baden-Württemberg",79859
535941,"Schlüchtern","36381","Hessen",36381
1077560,"Schlüsselfeld","96132","Bayern",96132
1186693,"Schmalenberg","67718","Rheinland-Pfalz",67718
405627,"Schmalensee","24638","Schleswig-Holstein",24638
423180,"Schmalfeld","24640","Schleswig-Holstein",24640
2849661,"Schmalkalden","98574","Thüringen",98574
157418,"Schmallenberg","57392","Nordrhein-Westfalen",57392
548517,"Schmalstede","24241","Schleswig-Holstein",24241
1433757,"Schmatzin","17390","Mecklenburg-Vorpommern",17390
935736,"Schmedeswurth","25724","Schleswig-Holstein",25724
1273259,"Schmeheim","98530","Thüringen",98530
1184564,"Schmelz","66839","Saarland",66839
962201,"Schmidgaden","92546","Bayern",92546
1028563,"Schmidmühlen","92287","Bayern",92287
1244292,"Schmidthachenbach","55758","Rheinland-Pfalz",55758
396001,"Schmiechen","86511","Bayern",86511
1273293,"Schmiedefeld","98739","Thüringen",98739
165446,"Schmiedefeld am Rennsteig","98711","Thüringen",98711
2856467,"Schmiedehausen","99518","Thüringen",99518
2179216,"Schmieritz","07819","Thüringen",7819
1471098,"Schmilau","23883","Schleswig-Holstein",23883
1471098,"Schmilau","23909","Schleswig-Holstein",23909
1471098,"Schmilau","23911","Schleswig-Holstein",23911
1244324,"Schmißberg","55765","Rheinland-Pfalz",55765
1250992,"Schmitshausen","66484","Rheinland-Pfalz",66484
1250992,"Schmitshausen","66917","Rheinland-Pfalz",66917
1269812,"Schmitt","56825","Rheinland-Pfalz",56825
418358,"Schmitten","61389","Hessen",61389
1244064,"Schmittweiler","67829","Rheinland-Pfalz",67829
1328962,"Schmogrow-Fehrow","03096","Brandenburg",3096
2527958,"Schmölln","04626","Thüringen",4626
1307609,"Schmölln-Putzkau","01877","Sachsen",1877
2179217,"Schmorda","07389","Thüringen",7389
1071016,"Schnabelwaid","91289","Bayern",91289
1821834,"Schnackenburg","29493","Niedersachsen",29493
941616,"Schnaitsee","83530","Bayern",83530
365117,"Schnaittach","91220","Bayern",91220
1028551,"Schnaittenbach","92253","Bayern",92253
1469082,"Schnakenbek","21481","Schleswig-Holstein",21481
1149245,"Schnarup-Thumby","24891","Schleswig-Holstein",24891
2404548,"Schnaudertal","06712","Sachsen-Anhalt",6712
1253765,"Schneckenhausen","67699","Rheinland-Pfalz",67699
1021749,"Schneckenlohe","96277","Bayern",96277
393498,"Schneeberg","63936","Bayern",63936
419000,"Schneeberg","08289","Sachsen",8289
1821917,"Schnega","29465","Niedersachsen",29465
941796,"Schneizlreuth","83458","Bayern",83458
534089,"Schnelldorf","91625","Bayern",91625
1244115,"Schneppenbach","55608","Rheinland-Pfalz",55608
357061,"Schneverdingen","29640","Niedersachsen",29640
1241476,"Schnorbach","55497","Rheinland-Pfalz",55497
2800660,"Schnürpflingen","89194","Baden-Württemberg",89194
1260246,"Schoden","54441","Rheinland-Pfalz",54441
215983,"Schöffengrund","35641","Hessen",35641
958961,"Schöfweg","94572","Bayern",94572
1461195,"Scholen","27251","Niedersachsen",27251
336536,"Schollbrunn","97852","Bayern",97852
336536,"Schollbrunn","97907","Bayern",97907
1284769,"Schollene","14715","Sachsen-Anhalt",14715
533993,"Schöllkrippen","63825","Bayern",63825
959812,"Schöllnach","94508","Bayern",94508
309944,"Schömberg","75328","Baden-Württemberg",75328
2781604,"Schömberg","72355","Baden-Württemberg",72355
1260245,"Schömerich","54314","Rheinland-Pfalz",54314
1240838,"Schonach im Schwarzwald","78136","Baden-Württemberg",78136
856209,"Schönaich","71101","Baden-Württemberg",71101
454182,"Schönau","69250","Baden-Württemberg",69250
957066,"Schönau","84337","Bayern",84337
387354,"Schönau a.d.Brend","97659","Bayern",97659
941800,"Schönau am Königssee","83471","Bayern",83471
418649,"Schönau-Berzdorf auf dem Eigen","02899","Sachsen",2899
1244186,"Schönau im Schwarzwald","79677","Baden-Württemberg",79677
1251114,"Schönau (Pfalz)","66996","Rheinland-Pfalz",66996
1085811,"Schönbach","54552","Rheinland-Pfalz",54552
1311098,"Schönbach","02708","Sachsen",2708
1419911,"Schönbeck","17349","Mecklenburg-Vorpommern",17349
553521,"Schönbek","24582","Schleswig-Holstein",24582
413533,"Schönberg","08393","Sachsen",8393
940871,"Schönberg","84573","Bayern",84573
958960,"Schönberg","94513","Bayern",94513
1258420,"Schönberg","54426","Rheinland-Pfalz",54426
1464771,"Schönberg","22929","Schleswig-Holstein",22929
1477860,"Schönberg","23923","Mecklenburg-Vorpommern",23923
176736,"Schönberg (Holstein)","24217","Schleswig-Holstein",24217
539702,"Schönborn","56370","Rheinland-Pfalz",56370
1241631,"Schönborn","55469","Rheinland-Pfalz",55469
1253978,"Schönborn","67808","Rheinland-Pfalz",67808
1322953,"Schönborn","03253","Brandenburg",3253
453364,"Schönbrunn","69436","Baden-Württemberg",69436
1077553,"Schönbrunn i.Steigerwald","96185","Bayern",96185
2403987,"Schönburg","06618","Sachsen-Anhalt",6618
1256957,"Schöndorf","54316","Rheinland-Pfalz",54316
2179218,"Schöndorf","07924","Thüringen",7924
933875,"Schondorf am Ammersee","86938","Bayern",86938
384303,"Schondra","97795","Bayern",97795
65420,"Schönebeck (Elbe)","39217","Sachsen-Anhalt",39217
65420,"Schönebeck (Elbe)","39218","Sachsen-Anhalt",39218
416450,"Schöneberg","57638","Rheinland-Pfalz",57638
1243991,"Schöneberg","55444","Rheinland-Pfalz",55444
1334082,"Schöneberg","16278","Brandenburg",16278
443863,"Schöneck","08261","Sachsen",8261
535890,"Schöneck","61137","Hessen",61137
1108040,"Schönecken","54614","Rheinland-Pfalz",54614
55772,"Schönefeld","12529","Brandenburg",12529
1352215,"Schöneiche bei Berlin","15566","Brandenburg",15566
1244181,"Schönenberg","79677","Baden-Württemberg",79677
1246453,"Schönenberg-Kübelberg","66901","Rheinland-Pfalz",66901
1310095,"Schönermark","16775","Brandenburg",16775
1303472,"Schönewalde","04916","Brandenburg",4916
1384906,"Schönewörde","29396","Niedersachsen",29396
551157,"Schönfeld","01561","Sachsen",1561
1334078,"Schönfeld","17291","Brandenburg",17291
1427214,"Schönfeld","17111","Mecklenburg-Vorpommern",17111
936750,"Schongau","86956","Bayern",86956
933541,"Schöngeising","82296","Bayern",82296
2778410,"Schöngleina","07646","Thüringen",7646
2396198,"Schönhagen","37318","Thüringen",37318
1419917,"Schönhausen","17337","Mecklenburg-Vorpommern",17337
1284742,"Schönhausen (Elbe)","39524","Sachsen-Anhalt",39524
418998,"Schönheide","08304","Sachsen",8304
553471,"Schönhorst","24220","Schleswig-Holstein",24220
1446648,"Schöningen","38364","Niedersachsen",38364
299457,"Schönkirchen","24232","Schleswig-Holstein",24232
961856,"Schönsee","92539","Bayern",92539
2900115,"Schönstedt","99947","Thüringen",99947
2165049,"Schonstett","83137","Bayern",83137
376881,"Schöntal","74214","Baden-Württemberg",74214
1307666,"Schönteichen","01920","Sachsen",1920
960512,"Schönthal","93488","Bayern",93488
318748,"Schonungen","97453","Bayern",97453
1022871,"Schönwald","95173","Bayern",95173
1389280,"Schönwald","15910","Brandenburg",15910
1410895,"Schönwalde","17309","Mecklenburg-Vorpommern",17309
382430,"Schönwalde am Bungsberg","23744","Schleswig-Holstein",23744
1252332,"Schönwalde-Glien","14621","Brandenburg",14621
1242149,"Schönwald im Schwarzwald","78141","Baden-Württemberg",78141
445991,"Schönwölkau","04509","Sachsen",4509
1130284,"Schopfheim","79650","Baden-Württemberg",79650
534175,"Schopfloch","91626","Bayern",91626
935842,"Schopfloch","72296","Baden-Württemberg",72296
1186707,"Schopp","67707","Rheinland-Pfalz",67707
1432649,"Schöppenstedt","38170","Niedersachsen",38170
162874,"Schöppingen","48624","Nordrhein-Westfalen",48624
2778411,"Schöps","07768","Thüringen",7768
1311139,"Schöpstal","02829","Sachsen",2829
1318334,"Schorfheide","16244","Brandenburg",16244
401643,"Schorndorf","73614","Baden-Württemberg",73614
961935,"Schorndorf","93489","Bayern",93489
1248413,"Schornsheim","55288","Rheinland-Pfalz",55288
1979187,"Schorssow","17166","Mecklenburg-Vorpommern",17166
1187787,"Schortens","26419","Niedersachsen",26419
1451597,"Schossin","19073","Mecklenburg-Vorpommern",19073
1451597,"Schossin","19075","Mecklenburg-Vorpommern",19075
418340,"Schotten","63679","Hessen",63679
1303792,"Schraden","04928","Brandenburg",4928
943757,"Schramberg","78144","Baden-Württemberg",78144
943757,"Schramberg","78713","Baden-Württemberg",78713
2406526,"Schraplau","06279","Sachsen-Anhalt",6279
452216,"Schrecksbach","34637","Hessen",34637
1466067,"Schretstaken","21493","Schleswig-Holstein",21493
454178,"Schriesheim","69198","Baden-Württemberg",69198
943731,"Schrobenhausen","86529","Bayern",86529
387625,"Schrozberg","74575","Baden-Württemberg",74575
443081,"Schrum","25782","Schleswig-Holstein",25782
1156162,"Schuby","24837","Schleswig-Holstein",24837
1156162,"Schuby","24850","Schleswig-Holstein",24850
1060441,"Schuld","53520","Rheinland-Pfalz",53520
1467715,"Schulendorf","21516","Schleswig-Holstein",21516
548568,"Schülldorf","24790","Schleswig-Holstein",24790
1075997,"Schüller","54586","Rheinland-Pfalz",54586
447970,"Schülp","25764","Schleswig-Holstein",25764
1187305,"Schülp bei Nortorf","24589","Schleswig-Holstein",24589
548578,"Schülp bei Rendsburg","24813","Schleswig-Holstein",24813
55774,"Schulzendorf","15732","Brandenburg",15732
416449,"Schürdt","57632","Rheinland-Pfalz",57632
1463074,"Schürensöhlen","23847","Schleswig-Holstein",23847
453015,"Schuttertal","77978","Baden-Württemberg",77978
452993,"Schutterwald","77746","Baden-Württemberg",77746
2012781,"Schüttorf","48465","Niedersachsen",48465
1085815,"Schutz","54570","Rheinland-Pfalz",54570
421949,"Schutzbach","57520","Rheinland-Pfalz",57520
394336,"Schwaan","18258","Mecklenburg-Vorpommern",18258
2531761,"Schwaara","07554","Thüringen",7554
62720,"Schwabach","91126","Bayern",91126
936740,"Schwabbruck","86986","Bayern",86986
1245803,"Schwabenheim an der Selz","55270","Rheinland-Pfalz",55270
934460,"Schwabhausen","85247","Bayern",85247
2802321,"Schwabhausen","99869","Thüringen",99869
2792080,"Schwäbisch Gmünd","73072","Baden-Württemberg",73072
2792080,"Schwäbisch Gmünd","73525","Baden-Württemberg",73525
2792080,"Schwäbisch Gmünd","73527","Baden-Württemberg",73527
2792080,"Schwäbisch Gmünd","73529","Baden-Württemberg",73529
2792080,"Schwäbisch Gmünd","73550","Baden-Württemberg",73550
2792080,"Schwäbisch Gmünd","73553","Baden-Württemberg",73553
391370,"Schwäbisch Hall","74523","Baden-Württemberg",74523
935178,"Schwabmünchen","86830","Bayern",86830
936731,"Schwabsoien","86987","Bayern",86987
1404024,"Schwabstedt","25876","Schleswig-Holstein",25876
1461196,"Schwaförden","27252","Niedersachsen",27252
966158,"Schwaig bei Nürnberg","90571","Bayern",90571
939356,"Schwaigen","82445","Bayern",82445
410521,"Schwaigern","74193","Baden-Württemberg",74193
401696,"Schwaikheim","71409","Baden-Württemberg",71409
414833,"Schwalbach","65824","Hessen",65824
1184565,"Schwalbach (Saar)","66773","Saarland",66773
1182303,"Schwall","56281","Rheinland-Pfalz",56281
2831169,"Schwallungen","98590","Thüringen",98590
452200,"Schwalmstadt","34613","Hessen",34613
88529,"Schwalmtal","41366","Nordrhein-Westfalen",41366
418332,"Schwalmtal","36318","Hessen",36318
452998,"Schwanau","77963","Baden-Württemberg",77963
962181,"Schwandorf","92421","Bayern",92421
1352961,"Schwanebeck","39397","Sachsen-Anhalt",39397
423196,"Schwanewede","28790","Niedersachsen",28790
318225,"Schwanfeld","97523","Bayern",97523
448297,"Schwangau","87645","Bayern",87645
1451586,"Schwanheide","19258","Mecklenburg-Vorpommern",19258
1251071,"Schwanheim","76848","Rheinland-Pfalz",76848
158256,"Schwanstetten","90596","Bayern",90596
2013996,"Schwarme","27327","Niedersachsen",27327
1808868,"Schwarmstedt","29690","Niedersachsen",29690
176739,"Schwartbuck","24257","Schleswig-Holstein",24257
1424151,"Schwarz","17252","Mecklenburg-Vorpommern",17252
2828445,"Schwarza","98547","Thüringen",98547
403752,"Schwarzach","74869","Baden-Württemberg",74869
959645,"Schwarzach","94374","Bayern",94374
283685,"Schwarzach am Main","97359","Bayern",97359
962187,"Schwarzach b.Nabburg","92548","Bayern",92548
1314280,"Schwarzbach","01945","Brandenburg",1945
2804632,"Schwarzbach","07589","Thüringen",7589
1273286,"Schwarzburg","07427","Thüringen",7427
957022,"Schwarzen","55481","Rheinland-Pfalz",55481
1059441,"Schwarzenbach","92720","Bayern",92720
1021714,"Schwarzenbach a.d.Saale","95126","Bayern",95126
1021704,"Schwarzenbach a.Wald","95131","Bayern",95131
1469085,"Schwarzenbek","21493","Schleswig-Holstein",21493
419006,"Schwarzenberg/Erzgeb.","08340","Sachsen",8340
452201,"Schwarzenborn","34639","Hessen",34639
1258881,"Schwarzenborn","54533","Rheinland-Pfalz",54533
966163,"Schwarzenbruck","90592","Bayern",90592
962184,"Schwarzenfeld","92521","Bayern",92521
1244112,"Schwarzerden","55629","Rheinland-Pfalz",55629
1314222,"Schwarzheide","01987","Brandenburg",1987
962086,"Schwarzhofen","92447","Bayern",92447
2029540,"Schwasdorf","17168","Mecklenburg-Vorpommern",17168
318305,"Schwebheim","97525","Bayern",97525
1253797,"Schwedelbach","67685","Rheinland-Pfalz",67685
554637,"Schwedeneck","24229","Schleswig-Holstein",24229
1334108,"Schwedt/Oder","16303","Brandenburg",16303
1250342,"Schwegenheim","67365","Rheinland-Pfalz",67365
1255887,"Schweich","54338","Rheinland-Pfalz",54338
1270324,"Schweickershausen","98663","Thüringen",98663
1252832,"Schweigen-Rechtenbach","76889","Rheinland-Pfalz",76889
540064,"Schweighausen","56377","Rheinland-Pfalz",56377
1252825,"Schweighofen","76889","Rheinland-Pfalz",76889
2012367,"Schweindorf","26556","Niedersachsen",26556
62534,"Schweinfurt","97421","Bayern",97421
62534,"Schweinfurt","97422","Bayern",97422
62534,"Schweinfurt","97424","Bayern",97424
1244056,"Schweinschied","67744","Rheinland-Pfalz",67744
1254722,"Schweisweiler","67808","Rheinland-Pfalz",67808
396557,"Schweitenkirchen","85301","Bayern",85301
1251154,"Schweix","66957","Rheinland-Pfalz",66957
162833,"Schwelm","58332","Nordrhein-Westfalen",58332
2801101,"Schwendi","88477","Baden-Württemberg",88477
956999,"Schwenningen","89443","Bayern",89443
2805755,"Schwenningen","72477","Baden-Württemberg",72477
310382,"Schwentinental","24222","Schleswig-Holstein",24222
310382,"Schwentinental","24223","Schleswig-Holstein",24223
1307661,"Schwepnitz","01936","Sachsen",1936
1243987,"Schweppenhausen","55444","Rheinland-Pfalz",55444
1245097,"Schwerbach","55624","Rheinland-Pfalz",55624
62685,"Schwerin","19053","Mecklenburg-Vorpommern",19053
62685,"Schwerin","19055","Mecklenburg-Vorpommern",19055
62685,"Schwerin","19057","Mecklenburg-Vorpommern",19057
62685,"Schwerin","19059","Mecklenburg-Vorpommern",19059
62685,"Schwerin","19061","Mecklenburg-Vorpommern",19061
62685,"Schwerin","19063","Mecklenburg-Vorpommern",19063
1389623,"Schwerin","15755","Brandenburg",15755
1183255,"Schweringen","27324","Niedersachsen",27324
1183255,"Schweringen","27333","Niedersachsen",27333
2012933,"Schwerinsdorf","26835","Niedersachsen",26835
2411248,"Schwerstedt","99634","Thüringen",99634
2857017,"Schwerstedt","99439","Thüringen",99439
158413,"Schwerte","58239","Nordrhein-Westfalen",58239
1406819,"Schwesing","25813","Schleswig-Holstein",25813
454165,"Schwetzingen","68723","Baden-Württemberg",68723
405816,"Schwieberdingen","71701","Baden-Württemberg",71701
405816,"Schwieberdingen","71706","Baden-Württemberg",71706
1388876,"Schwielochsee","15913","Brandenburg",15913
365821,"Schwielowsee","14548","Brandenburg",14548
1250041,"Schwienau","29593","Niedersachsen",29593
933971,"Schwifting","86940","Bayern",86940
940828,"Schwindegg","84419","Bayern",84419
1108065,"Schwirzheim","54597","Rheinland-Pfalz",54597
422763,"Schwissel","23795","Schleswig-Holstein",23795
2815708,"Schwobfeld","37318","Thüringen",37318
1244314,"Schwollen","55767","Rheinland-Pfalz",55767
2787816,"Schwörstadt","79739","Baden-Württemberg",79739
1363632,"Schwülper","38179","Niedersachsen",38179
534536,"Sebnitz","01855","Sachsen",1855
533263,"Seck","56479","Rheinland-Pfalz",56479
403735,"Seckach","74743","Baden-Württemberg",74743
367065,"Seddiner See","14554","Brandenburg",14554
452976,"Seebach","77889","Baden-Württemberg",77889
1268935,"Seebach","99846","Thüringen",99846
1332651,"Seeblick","14715","Brandenburg",14715
1399087,"Seeburg","37136","Niedersachsen",37136
156381,"Seedorf","23823","Schleswig-Holstein",23823
1079030,"Seedorf","27404","Niedersachsen",27404
1476160,"Seedorf","23883","Schleswig-Holstein",23883
556100,"Seefeld","25557","Schleswig-Holstein",25557
932388,"Seefeld","82229","Bayern",82229
448306,"Seeg","87637","Bayern",87637
2408187,"Seegebiet Mansfelder Land","06317","Sachsen-Anhalt",6317
1284745,"Seehausen","39615","Sachsen-Anhalt",39615
939382,"Seehausen am Staffelsee","82418","Bayern",82418
452414,"Seeheim-Jugenheim","64342","Hessen",64342
1444904,"Seehof","19069","Mecklenburg-Vorpommern",19069
2801351,"Seekirch","88422","Baden-Württemberg",88422
390044,"Seeland","06449","Sachsen-Anhalt",6449
390044,"Seeland","06464","Sachsen-Anhalt",6464
390044,"Seeland","06466","Sachsen-Anhalt",6466
390044,"Seeland","06467","Sachsen-Anhalt",6467
390044,"Seeland","06469","Sachsen-Anhalt",6469
453012,"Seelbach","77960","Baden-Württemberg",77960
540055,"Seelbach","56377","Rheinland-Pfalz",56377
420578,"Seelbach bei Hamm (Sieg)","57577","Rheinland-Pfalz",57577
415719,"Seelbach (Westerwald)","57632","Rheinland-Pfalz",57632
1253979,"Seelen","67744","Rheinland-Pfalz",67744
2790912,"Seelingstädt","07580","Thüringen",7580
414698,"Seelitz","09306","Sachsen",9306
1332928,"Seelow","15306","Brandenburg",15306
382498,"Seelze","30926","Niedersachsen",30926
941626,"Seeon-Seebruck","83358","Bayern",83358
941626,"Seeon-Seebruck","83370","Bayern",83370
941626,"Seeon-Seebruck","83376","Bayern",83376
1244167,"Seesbach","55629","Rheinland-Pfalz",55629
1421450,"Seesen","38723","Niedersachsen",38723
936913,"Seeshaupt","82402","Bayern",82402
443298,"Seester","25370","Schleswig-Holstein",25370
443192,"Seestermühe","25371","Schleswig-Holstein",25371
1402989,"Seeth","25840","Schleswig-Holstein",25840
1402989,"Seeth","25878","Schleswig-Holstein",25878
443439,"Seeth-Ekholt","25337","Schleswig-Holstein",25337
252889,"Seevetal","21217","Niedersachsen",21217
252889,"Seevetal","21218","Niedersachsen",21218
252889,"Seevetal","21220","Niedersachsen",21220
935835,"Seewald","72297","Baden-Württemberg",72297
1152686,"Seffern","54636","Rheinland-Pfalz",54636
1152689,"Sefferweich","54636","Rheinland-Pfalz",54636
1176600,"Seggebruch","31691","Niedersachsen",31691
282305,"Segnitz","97340","Bayern",97340
550778,"Sehestedt","24814","Schleswig-Holstein",24814
1432643,"Sehlde","38279","Niedersachsen",38279
1259136,"Sehlem","54518","Rheinland-Pfalz",54518
1437553,"Sehlen","18528","Mecklenburg-Vorpommern",18528
536636,"Sehmatal","09465","Sachsen",9465
1184254,"Sehnde","31319","Niedersachsen",31319
1243985,"Seibersbach","55444","Rheinland-Pfalz",55444
415718,"Seifen","57632","Rheinland-Pfalz",57632
422230,"Seiffen/Erzgebirge","09548","Sachsen",9548
418708,"Seifhennersdorf","02782","Sachsen",2782
1140551,"Seinsfeld","54655","Rheinland-Pfalz",54655
282307,"Seinsheim","97342","Bayern",97342
2179219,"Seisla","07389","Thüringen",7389
2457057,"Seitenroda","07768","Thüringen",7768
1231974,"Seitingen-Oberflacht","78606","Baden-Württemberg",78606
1108046,"Seiwerath","54597","Rheinland-Pfalz",54597
1022879,"Selb","95100","Bayern",95100
421223,"Selbach (Sieg)","57537","Rheinland-Pfalz",57537
1021705,"Selbitz","95152","Bayern",95152
1246582,"Selchenbach","66871","Rheinland-Pfalz",66871
289960,"Selent","24238","Schleswig-Holstein",24238
158040,"Selfkant","52538","Nordrhein-Westfalen",52538
659751,"Seligenstadt","63500","Hessen",63500
1157531,"Selk","24884","Schleswig-Holstein",24884
1332184,"Selke-Aue","06458","Sachsen-Anhalt",6458
1108072,"Sellerich","54608","Rheinland-Pfalz",54608
1437794,"Sellin","18586","Mecklenburg-Vorpommern",18586
158455,"Selm","59379","Nordrhein-Westfalen",59379
1477861,"Selmsdorf","23923","Mecklenburg-Vorpommern",23923
393336,"Selpin","18195","Mecklenburg-Vorpommern",18195
1023213,"Selsingen","27446","Niedersachsen",27446
324312,"Selters","65618","Hessen",65618
533594,"Selters (Westerwald)","56242","Rheinland-Pfalz",56242
1245827,"Selzen","55278","Rheinland-Pfalz",55278
1250335,"Sembach","67681","Rheinland-Pfalz",67681
372361,"Semlow","18334","Mecklenburg-Vorpommern",18334
157741,"Senden","48308","Nordrhein-Westfalen",48308
941091,"Senden","89250","Bayern",89250
152287,"Sendenhorst","48324","Nordrhein-Westfalen",48324
1314216,"Senftenberg","01945","Brandenburg",1945
1314216,"Senftenberg","01968","Brandenburg",1968
1314216,"Senftenberg","01996","Brandenburg",1996
1028807,"Sengenthal","92369","Bayern",92369
1113759,"Sengerich","54619","Rheinland-Pfalz",54619
1259316,"Senheim","56820","Rheinland-Pfalz",56820
318304,"Sennfeld","97526","Bayern",97526
1060411,"Senscheid","53520","Rheinland-Pfalz",53520
1245130,"Sensweiler","55758","Rheinland-Pfalz",55758
2778412,"Serba","07616","Thüringen",7616
1256029,"Serrig","54455","Rheinland-Pfalz",54455
405822,"Sersheim","74372","Baden-Württemberg",74372
532376,"Sessenbach","56237","Rheinland-Pfalz",56237
533595,"Sessenhausen","56244","Rheinland-Pfalz",56244
956860,"Seßlach","96145","Bayern",96145
422855,"Seth","23845","Schleswig-Holstein",23845
1451584,"Setzin","19230","Mecklenburg-Vorpommern",19230
2791019,"Setzingen","89129","Baden-Württemberg",89129
1028806,"Seubersdorf in der Oberpfalz","92358","Bayern",92358
1016393,"Seukendorf","90556","Bayern",90556
1399089,"Seulingen","37136","Niedersachsen",37136
1171864,"Sevenig bei Neuerburg","54673","Rheinland-Pfalz",54673
1113725,"Sevenig (Our)","54617","Rheinland-Pfalz",54617
1112860,"Sexau","79350","Baden-Württemberg",79350
1071013,"Seybothenreuth","95517","Bayern",95517
6680435,"Sibbesse","31079","Niedersachsen",31079
2813153,"Sickerode","37308","Thüringen",37308
1432655,"Sickte","38173","Niedersachsen",38173
1252554,"Siebeldingen","76833","Rheinland-Pfalz",76833
548056,"Siebenbach","56729","Rheinland-Pfalz",56729
1463073,"Siebenbäumen","23847","Schleswig-Holstein",23847
1467511,"Siebeneichen","21514","Schleswig-Holstein",21514
1427907,"Siedenbollentin","17089","Mecklenburg-Vorpommern",17089
1427216,"Siedenbrünzow","17111","Mecklenburg-Vorpommern",17111
2014019,"Siedenburg","27254","Niedersachsen",27254
1248625,"Siefersheim","55599","Rheinland-Pfalz",55599
215967,"Siegbach","35768","Hessen",35768
173121,"Siegburg","53721","Nordrhein-Westfalen",53721
410527,"Siegelsbach","74936","Baden-Württemberg",74936
163256,"Siegen","57072","Nordrhein-Westfalen",57072
163256,"Siegen","57074","Nordrhein-Westfalen",57074
163256,"Siegen","57076","Nordrhein-Westfalen",57076
163256,"Siegen","57078","Nordrhein-Westfalen",57078
163256,"Siegen","57080","Nordrhein-Westfalen",57080
956668,"Siegenburg","93354","Bayern",93354
941746,"Siegsdorf","83313","Bayern",83313
1384838,"Siehdichum","15890","Brandenburg",15890
454193,"Siek","22962","Schleswig-Holstein",22962
161896,"Sielenbach","86577","Bayern",86577
1245075,"Sien","55758","Rheinland-Pfalz",55758
1245071,"Sienhachenbach","55758","Rheinland-Pfalz",55758
382434,"Sierksdorf","23730","Schleswig-Holstein",23730
1463293,"Sierksrade","23847","Schleswig-Holstein",23847
1060414,"Sierscheid","53520","Rheinland-Pfalz",53520
535133,"Siershahn","56427","Rheinland-Pfalz",56427
1244322,"Siesbach","55767","Rheinland-Pfalz",55767
1424136,"Sietow","17209","Mecklenburg-Vorpommern",17209
1302374,"Sieversdorf-Hohenofen","16845","Brandenburg",16845
422750,"Sievershütten","24641","Schleswig-Holstein",24641
1149294,"Sieverstedt","24885","Schleswig-Holstein",24885
449879,"Siggelkow","19376","Mecklenburg-Vorpommern",19376
2805406,"Sigmaringen","72488","Baden-Württemberg",72488
2805407,"Sigmaringendorf","72517","Baden-Württemberg",72517
959420,"Sigmarszell","88138","Bayern",88138
2395019,"Silberhausen","37351","Thüringen",37351
1156158,"Silberstedt","24887","Schleswig-Holstein",24887
2778415,"Silbitz","07613","Thüringen",7613
1252775,"Silz","76857","Rheinland-Pfalz",76857
1424140,"Silz","17214","Mecklenburg-Vorpommern",17214
450062,"Silzen","25551","Schleswig-Holstein",25551
957049,"Simbach","84359","Bayern",84359
959909,"Simbach","94436","Bayern",94436
35117,"Simmelsdorf","91245","Bayern",91245
158021,"Simmerath","52152","Nordrhein-Westfalen",52152
453850,"Simmern","56337","Rheinland-Pfalz",56337
1241644,"Simmern/Hunsrück","55469","Rheinland-Pfalz",55469
1174401,"Simmersfeld","72226","Baden-Württemberg",72226
356740,"Simmershofen","97215","Bayern",97215
1244121,"Simmertal","55618","Rheinland-Pfalz",55618
933497,"Simmozheim","75397","Baden-Württemberg",75397
1402820,"Simonsberg","25813","Schleswig-Holstein",25813
73663,"Simonswald","79263","Baden-Württemberg",79263
73663,"Simonswald","79271","Baden-Württemberg",79271
722092,"Sindelfingen","71063","Baden-Württemberg",71063
722092,"Sindelfingen","71065","Baden-Württemberg",71065
722092,"Sindelfingen","71067","Baden-Württemberg",71067
722092,"Sindelfingen","71069","Baden-Württemberg",71069
936937,"Sindelsdorf","82404","Bayern",82404
2785095,"Singen (Hohentwiel)","78224","Baden-Württemberg",78224
540059,"Singhofen","56379","Rheinland-Pfalz",56379
215974,"Sinn","35764","Hessen",35764
535942,"Sinntal","36391","Hessen",36391
453372,"Sinsheim","74889","Baden-Württemberg",74889
1171859,"Sinspelt","54675","Rheinland-Pfalz",54675
907182,"Sinzheim","76547","Baden-Württemberg",76547
571655,"Sinzig","53489","Rheinland-Pfalz",53489
964622,"Sinzing","93161","Bayern",93161
1254715,"Sippersfeld","67729","Rheinland-Pfalz",67729
2784816,"Sipplingen","78354","Baden-Württemberg",78354
1469172,"Sirksfelde","23898","Schleswig-Holstein",23898
1079028,"Sittensen","27419","Niedersachsen",27419
1253872,"Sitters","67823","Rheinland-Pfalz",67823
1273292,"Sitzendorf","07429","Thüringen",7429
2186943,"Söchtenau","83139","Bayern",83139
1246732,"Soderstorf","21388","Niedersachsen",21388
153481,"Soest","59494","Nordrhein-Westfalen",59494
1744936,"Sögel","49751","Niedersachsen",49751
1309657,"Sohland an der Spree","02689","Sachsen",2689
1168903,"Söhlde","31185","Niedersachsen",31185
1245187,"Sohren","55487","Rheinland-Pfalz",55487
1115035,"Söhrewald","34320","Hessen",34320
1245185,"Sohrschied","55487","Rheinland-Pfalz",55487
1946232,"Sölden","79294","Baden-Württemberg",79294
62699,"Solingen","42651","Nordrhein-Westfalen",42651
62699,"Solingen","42653","Nordrhein-Westfalen",42653
62699,"Solingen","42655","Nordrhein-Westfalen",42655
62699,"Solingen","42657","Nordrhein-Westfalen",42657
62699,"Solingen","42659","Nordrhein-Westfalen",42659
62699,"Solingen","42697","Nordrhein-Westfalen",42697
62699,"Solingen","42699","Nordrhein-Westfalen",42699
62699,"Solingen","42719","Nordrhein-Westfalen",42719
2179220,"Solkwitz","07381","Thüringen",7381
1156130,"Sollerup","24852","Schleswig-Holstein",24852
6683583,"Söllingen","38387","Niedersachsen",38387
2400613,"Sollstedt","99759","Thüringen",99759
1415323,"Sollwitt","25884","Schleswig-Holstein",25884
215980,"Solms","35606","Hessen",35606
1015145,"Solnhofen","91807","Bayern",91807
1809016,"Soltau","29614","Niedersachsen",29614
1460229,"Soltendieck","29594","Niedersachsen",29594
283686,"Sommerach","97334","Bayern",97334
1256954,"Sommerau","54317","Rheinland-Pfalz",54317
2410104,"Sömmerda","99610","Thüringen",99610
163736,"Sommerhausen","97286","Bayern",97286
534000,"Sommerkahl","63825","Bayern",63825
447196,"Sommerland","25358","Schleswig-Holstein",25358
1244209,"Sommerloch","55595","Rheinland-Pfalz",55595
1286637,"Sommersdorf","39365","Sachsen-Anhalt",39365
1427225,"Sommersdorf","17111","Mecklenburg-Vorpommern",17111
162637,"Sonderhofen","97255","Bayern",97255
2389105,"Sondershausen","99706","Thüringen",99706
386921,"Sondheim v.d.Rhön","97647","Bayern",97647
1273177,"Sonneberg","96515","Thüringen",96515
2818248,"Sonneborn","99869","Thüringen",99869
1416729,"Sönnebüll","25821","Schleswig-Holstein",25821
956867,"Sonnefeld","96242","Bayern",96242
958095,"Sonnen","94164","Bayern",94164
1310086,"Sonnenberg","16775","Brandenburg",16775
1244317,"Sonnenberg-Winnenberg","55767","Rheinland-Pfalz",55767
2772602,"Sonnenbühl","72820","Baden-Württemberg",72820
2807326,"Sonnenstein","37345","Thüringen",37345
1322956,"Sonnewalde","03249","Brandenburg",3249
1245118,"Sonnschied","55758","Rheinland-Pfalz",55758
58616,"Sonsbeck","47665","Nordrhein-Westfalen",47665
958230,"Sontheim","87776","Bayern",87776
2791734,"Sontheim an der Brenz","89567","Baden-Württemberg",89567
156999,"Sonthofen","87527","Bayern",87527
549429,"Sontra","36205","Hessen",36205
548606,"Sophienhamm","24806","Schleswig-Holstein",24806
548519,"Sören","24241","Schleswig-Holstein",24241
1245310,"Sörgenloch","55270","Rheinland-Pfalz",55270
418873,"Sörth","57636","Rheinland-Pfalz",57636
1149246,"Sörup","24966","Schleswig-Holstein",24966
1269740,"Sosberg","56858","Rheinland-Pfalz",56858
965603,"Sottrum","27367","Niedersachsen",27367
2186941,"Soyen","83564","Bayern",83564
1244222,"Spabrücken","55595","Rheinland-Pfalz",55595
2007859,"Spahnharrenstätte","49751","Niedersachsen",49751
1231960,"Spaichingen","78549","Baden-Württemberg",78549
1244225,"Spall","55595","Rheinland-Pfalz",55595
158420,"Spalt","91174","Bayern",91174
1162785,"Spangdahlem","54529","Rheinland-Pfalz",54529
452202,"Spangenberg","34286","Hessen",34286
1432555,"Spantekow","17391","Mecklenburg-Vorpommern",17391
1432555,"Spantekow","17392","Mecklenburg-Vorpommern",17392
1016506,"Spardorf","91080","Bayern",91080
1021687,"Sparneck","95234","Bayern",95234
939383,"Spatzenhausen","82418","Bayern",82418
939383,"Spatzenhausen","82447","Bayern",82447
544550,"Spay","56322","Rheinland-Pfalz",56322
453367,"Spechbach","74937","Baden-Württemberg",74937
1162788,"Speicher","54662","Rheinland-Pfalz",54662
1071011,"Speichersdorf","95469","Bayern",95469
1059439,"Speinshart","92676","Bayern",92676
1817105,"Spelle","48480","Niedersachsen",48480
147440,"Spenge","32139","Nordrhein-Westfalen",32139
1204725,"Spesenroth","56288","Rheinland-Pfalz",56288
1050572,"Spessart","56746","Rheinland-Pfalz",56746
62352,"Speyer","67346","Rheinland-Pfalz",67346
958967,"Spiegelau","94518","Bayern",94518
400922,"Spiegelberg","71579","Baden-Württemberg",71579
1187507,"Spiekeroog","26474","Niedersachsen",26474
1187144,"Spiesen-Elversberg","66583","Saarland",66583
1248411,"Spiesheim","55288","Rheinland-Pfalz",55288
1251069,"Spirkelbach","76848","Rheinland-Pfalz",76848
372337,"Splietsdorf","18513","Mecklenburg-Vorpommern",18513
1244218,"Sponheim","55595","Rheinland-Pfalz",55595
1419842,"Sponholz","17039","Mecklenburg-Vorpommern",17039
449917,"Spornitz","19372","Mecklenburg-Vorpommern",19372
915420,"Spraitbach","73565","Baden-Württemberg",73565
915420,"Spraitbach","73568","Baden-Württemberg",73568
915420,"Spraitbach","73577","Baden-Württemberg",73577
1416964,"Sprakebüll","25917","Schleswig-Holstein",25917
1392733,"Sprakensehl","29365","Niedersachsen",29365
1384810,"Spreenhagen","15528","Brandenburg",15528
1309580,"Spreetal","02979","Sachsen",2979
1388874,"Spreewaldheide","15913","Brandenburg",15913
1322562,"Spremberg","03130","Brandenburg",3130
1239649,"Sprendlingen","55576","Rheinland-Pfalz",55576
396873,"Springe","31832","Niedersachsen",31832
2829559,"Springstille","98587","Thüringen",98587
162829,"Sprockhövel","45549","Nordrhein-Westfalen",45549
2411281,"Sprötau","99610","Thüringen",99610
394346,"Stäbelow","18198","Mecklenburg-Vorpommern",18198
444799,"Stade","21680","Niedersachsen",21680
444799,"Stade","21682","Niedersachsen",21682
444799,"Stade","21683","Niedersachsen",21683
444799,"Stade","21684","Niedersachsen",21684
1239662,"Stadecken-Elsheim","55271","Rheinland-Pfalz",55271
1077533,"Stadelhofen","96187","Bayern",96187
548644,"Stadland","26935","Niedersachsen",26935
548644,"Stadland","26936","Niedersachsen",26936
548644,"Stadland","26937","Niedersachsen",26937
961855,"Stadlern","92549","Bayern",92549
225496,"Stadtallendorf","35260","Hessen",35260
406928,"Stadtbergen","86391","Bayern",86391
1176598,"Stadthagen","31655","Niedersachsen",31655
1177164,"Stadtilm","99326","Thüringen",99326
1075992,"Stadtkyll","54589","Rheinland-Pfalz",54589
318749,"Stadtlauringen","97488","Bayern",97488
2900141,"Stadtlengsfeld","36404","Thüringen",36404
2900141,"Stadtlengsfeld","36457","Thüringen",36457
162876,"Stadtlohn","48703","Nordrhein-Westfalen",48703
1184616,"Stadtoldendorf","37627","Niedersachsen",37627
394510,"Stadtprozelten","97909","Bayern",97909
2778420,"Stadtroda","07646","Thüringen",7646
1022770,"Stadtsteinach","95346","Bayern",95346
534522,"Stadt Wehlen","01829","Sachsen",1829
1416963,"Stadum","25917","Schleswig-Holstein",25917
1461191,"Staffhorst","27254","Niedersachsen",27254
548585,"Stafstedt","24816","Schleswig-Holstein",24816
1253987,"Stahlberg","67808","Rheinland-Pfalz",67808
453851,"Stahlhofen","56412","Rheinland-Pfalz",56412
535019,"Stahlhofen am Wiesensee","56459","Rheinland-Pfalz",56459
446688,"Stahnsdorf","14532","Brandenburg",14532
2800661,"Staig","89195","Baden-Württemberg",89195
176738,"Stakendorf","24217","Schleswig-Holstein",24217
959648,"Stallwang","94375","Bayern",94375
1021712,"Stammbach","95236","Bayern",95236
942039,"Stammham","84533","Bayern",84533
943538,"Stammham","85092","Bayern",85092
943538,"Stammham","85134","Bayern",85134
961931,"Stamsried","93491","Bayern",93491
2179221,"Stanau","07806","Thüringen",7806
1254397,"Standenbühl","67816","Rheinland-Pfalz",67816
1145089,"Stangheck","24395","Schleswig-Holstein",24395
454246,"Stapelfeld","22145","Schleswig-Holstein",22145
2778489,"Starkenberg","04617","Thüringen",4617
1261709,"Starkenburg","56843","Rheinland-Pfalz",56843
932485,"Starnberg","82319","Bayern",82319
2778913,"Starzach","72181","Baden-Württemberg",72181
82601,"Staßfurt","39418","Sachsen-Anhalt",39418
82601,"Staßfurt","39443","Sachsen-Anhalt",39443
82601,"Staßfurt","39446","Sachsen-Anhalt",39446
549806,"Stauchitz","01594","Sachsen",1594
941731,"Staudach-Egerndach","83224","Bayern",83224
1244155,"Staudernheim","55568","Rheinland-Pfalz",55568
535134,"Staudt","56424","Rheinland-Pfalz",56424
418610,"Staufenberg","35460","Hessen",35460
1460890,"Staufenberg","34355","Niedersachsen",34355
93594,"Staufen im Breisgau","79219","Baden-Württemberg",79219
1419836,"Staven","17039","Mecklenburg-Vorpommern",17039
1427696,"Stavenhagen","17153","Mecklenburg-Vorpommern",17153
1748602,"Stavern","49777","Niedersachsen",49777
1226183,"St. Blasien","79837","Baden-Württemberg",79837
444328,"Stebach","56276","Rheinland-Pfalz",56276
1310089,"Stechlin","16775","Brandenburg",16775
1334493,"Stechow-Ferchesar","14715","Brandenburg",14715
1416965,"Stedesand","25920","Schleswig-Holstein",25920
2012458,"Stedesdorf","26427","Niedersachsen",26427
556139,"Steenfeld","25557","Schleswig-Holstein",25557
1076002,"Steffeln","54597","Rheinland-Pfalz",54597
225486,"Steffenberg","35239","Hessen",35239
394326,"Steffenshagen","18209","Mecklenburg-Vorpommern",18209
1077557,"Stegaurach","96135","Bayern",96135
74462,"Stegen","79252","Baden-Württemberg",79252
417026,"St. Egidien","09356","Sachsen",9356
2396127,"Steigra","06268","Sachsen-Anhalt",6268
1183251,"Steimbke","31634","Niedersachsen",31634
445738,"Steimel","57614","Rheinland-Pfalz",57614
288258,"Stein","24235","Schleswig-Holstein",24235
1016405,"Stein","90547","Bayern",90547
1307650,"Steina","01920","Sachsen",1920
453014,"Steinach","77790","Baden-Württemberg",77790
959659,"Steinach","94377","Bayern",94377
1273180,"Steinach","96523","Thüringen",96523
1084418,"Steinalben","66851","Rheinland-Pfalz",66851
1526889,"Steinau","21775","Niedersachsen",21775
535938,"Steinau an der Straße","36396","Hessen",36396
417371,"Steinbach","61449","Hessen",61449
1241474,"Steinbach","56291","Rheinland-Pfalz",56291
2813805,"Steinbach","37308","Thüringen",37308
1267644,"Steinbach am Donnersberg","67808","Rheinland-Pfalz",67808
1246488,"Steinbach am Glan","66909","Rheinland-Pfalz",66909
1021755,"Steinbach am Wald","96361","Bayern",96361
2818530,"Steinbach-Hallenberg","98587","Thüringen",98587
444396,"Steinberg","08237","Sachsen",8237
1145087,"Steinberg","24972","Schleswig-Holstein",24972
962124,"Steinberg am See","92449","Bayern",92449
2799876,"Steinbergkirche","24972","Schleswig-Holstein",24972
1248630,"Stein-Bockenheim","55599","Rheinland-Pfalz",55599
1140559,"Steinborn","54655","Rheinland-Pfalz",54655
455447,"Steinburg","22964","Schleswig-Holstein",22964
396002,"Steindorf","82297","Bayern",82297
453176,"Steinebach an der Wied","57629","Rheinland-Pfalz",57629
421918,"Steinebach/Sieg","57520","Rheinland-Pfalz",57520
1085796,"Steineberg","54552","Rheinland-Pfalz",54552
534489,"Steinefrenz","56414","Rheinland-Pfalz",56414
533596,"Steinen","56244","Rheinland-Pfalz",56244
1130275,"Steinen","79585","Baden-Württemberg",79585
856189,"Steinenbronn","71144","Baden-Württemberg",71144
421922,"Steineroth","57518","Rheinland-Pfalz",57518
349415,"Steinfeld","97854","Bayern",97854
1149242,"Steinfeld","24888","Schleswig-Holstein",24888
1252833,"Steinfeld","76889","Rheinland-Pfalz",76889
1398853,"Steinfeld","49439","Niedersachsen",49439
155787,"Steinfurt","48565","Nordrhein-Westfalen",48565
936773,"Steingaden","86989","Bayern",86989
138730,"Steinhagen","33803","Nordrhein-Westfalen",33803
374143,"Steinhagen","18442","Mecklenburg-Vorpommern",18442
1959690,"Steinhagen","18246","Mecklenburg-Vorpommern",18246
2801249,"Steinhausen an der Rottum","88416","Baden-Württemberg",88416
110471,"Steinheim","32839","Nordrhein-Westfalen",32839
2791804,"Steinheim am Albuch","73566","Baden-Württemberg",73566
2791804,"Steinheim am Albuch","89555","Baden-Württemberg",89555
405287,"Steinheim an der Murr","71711","Baden-Württemberg",71711
2396184,"Steinheuterode","37318","Thüringen",37318
1384806,"Steinhöfel","15518","Brandenburg",15518
929926,"Steinhöring","85643","Bayern",85643
1392623,"Steinhorst","29367","Niedersachsen",29367
1463290,"Steinhorst","23847","Schleswig-Holstein",23847
1307626,"Steinigtwolmsdorf","01904","Sachsen",1904
1085797,"Steiningen","54552","Rheinland-Pfalz",54552
444924,"Steinkirchen","21720","Niedersachsen",21720
934764,"Steinkirchen","84439","Bayern",84439
907221,"Steinmauern","76479","Baden-Württemberg",76479
533264,"Stein-Neukirch","56479","Rheinland-Pfalz",56479
1389400,"Steinreich","15938","Brandenburg",15938
537205,"Steinsberg","56379","Rheinland-Pfalz",56379
534079,"Steinsfeld","91628","Bayern",91628
1250499,"Steinweiler","76872","Rheinland-Pfalz",76872
1253803,"Steinwenden","66879","Rheinland-Pfalz",66879
1021748,"Steinwiesen","96349","Bayern",96349
453177,"Stein-Wingert","57629","Rheinland-Pfalz",57629
1236171,"Steißlingen","78256","Baden-Württemberg",78256
252884,"Stelle","21435","Niedersachsen",21435
415686,"Stelle-Wittenwurth","25795","Schleswig-Holstein",25795
191521,"Stelzenberg","67705","Rheinland-Pfalz",67705
357987,"Stemmen","27389","Niedersachsen",27389
1675746,"Stemshorn","49448","Niedersachsen",49448
145304,"Stemwede","32351","Nordrhein-Westfalen",32351
1284750,"Stendal","39576","Sachsen-Anhalt",39576
3768777,"Stepenitztal","23936","Mecklenburg-Vorpommern",23936
2826950,"Stepfershausen","98617","Thüringen",98617
2186942,"Stephanskirchen","83071","Bayern",83071
959823,"Stephansposching","94569","Bayern",94569
1476158,"Sterley","23883","Schleswig-Holstein",23883
449942,"Sternberg","19406","Mecklenburg-Vorpommern",19406
119785,"Sternenfels","75447","Baden-Württemberg",75447
1145096,"Sterup","24996","Schleswig-Holstein",24996
957140,"Stetten","87778","Bayern",87778
1254064,"Stetten","67294","Rheinland-Pfalz",67294
2784015,"Stetten","88719","Baden-Württemberg",88719
2851522,"Stetten am kalten Markt","72510","Baden-Württemberg",72510
388842,"Stettfeld","96188","Bayern",96188
222354,"Steyerberg","31595","Niedersachsen",31595
2778417,"St. Gangloff","07629","Thüringen",7629
1242296,"St. Georgen im Schwarzwald","78112","Baden-Württemberg",78112
959864,"Stiefenhofen","88167","Bayern",88167
390789,"Stimpfach","74597","Baden-Württemberg",74597
1180884,"Stinstedt","21772","Niedersachsen",21772
442917,"Stipsdorf","23795","Schleswig-Holstein",23795
1245102,"Stipshausen","55758","Rheinland-Pfalz",55758
2773184,"St. Johann","72813","Baden-Württemberg",72813
1266456,"St. Kilian","98553","Thüringen",98553
453402,"St. Leon-Rot","68789","Baden-Württemberg",68789
308238,"St. Märgen","79274","Baden-Württemberg",79274
1236173,"Stockach","78333","Baden-Württemberg",78333
382447,"Stockelsdorf","23617","Schleswig-Holstein",23617
1152708,"Stockem","54646","Rheinland-Pfalz",54646
451717,"Stockhausen-Illfurth","56472","Rheinland-Pfalz",56472
386932,"Stockheim","97640","Bayern",97640
1021761,"Stockheim","96342","Bayern",96342
1183245,"Stöckse","31638","Niedersachsen",31638
405626,"Stocksee","24326","Schleswig-Holstein",24326
443926,"Stockstadt","64589","Hessen",64589
534354,"Stockstadt am Main","63811","Bayern",63811
535020,"Stockum-Püschen","56459","Rheinland-Pfalz",56459
915560,"Stödtlen","73495","Baden-Württemberg",73495
1460246,"Stoetze","29597","Niedersachsen",29597
157996,"Stolberg","52222","Nordrhein-Westfalen",52222
157996,"Stolberg","52223","Nordrhein-Westfalen",52223
157996,"Stolberg","52224","Nordrhein-Westfalen",52224
1149335,"Stolk","24890","Schleswig-Holstein",24890
536019,"Stollberg/Erzgebirge","09366","Sachsen",9366
310416,"Stolpe","24601","Schleswig-Holstein",24601
449895,"Stolpe","19372","Mecklenburg-Vorpommern",19372
1432534,"Stolpe","17391","Mecklenburg-Vorpommern",17391
1433098,"Stolpe auf Usedom","17406","Mecklenburg-Vorpommern",17406
534528,"Stolpen","01833","Sachsen",1833
1145352,"Stoltebüll","24402","Schleswig-Holstein",24402
1145352,"Stoltebüll","24407","Schleswig-Holstein",24407
1145352,"Stoltebüll","24409","Schleswig-Holstein",24409
189482,"Stoltenberg","24256","Schleswig-Holstein",24256
1183244,"Stolzenau","31592","Niedersachsen",31592
1302370,"Storbeck-Frankendorf","16818","Brandenburg",16818
448713,"Stördorf","25554","Schleswig-Holstein",25554
450220,"Störkathen","25548","Schleswig-Holstein",25548
1384845,"Storkow (Mark)","15859","Brandenburg",15859
1059458,"Störnstein","92721","Bayern",92721
2404087,"Stößen","06667","Sachsen-Anhalt",6667
448120,"Stötten a.Auerberg","87675","Bayern",87675
447639,"Stöttwang","87677","Bayern",87677
168000,"Straelen","47638","Nordrhein-Westfalen",47638
387467,"Strahlungen","97618","Bayern",97618
1451547,"Stralendorf","19073","Mecklenburg-Vorpommern",19073
26225,"Stralsund","18435","Mecklenburg-Vorpommern",18435
26225,"Stralsund","18437","Mecklenburg-Vorpommern",18437
26225,"Stralsund","18439","Mecklenburg-Vorpommern",18439
554638,"Strande","24229","Schleswig-Holstein",24229
1410799,"Strasburg (Uckermark)","17335","Mecklenburg-Vorpommern",17335
2797574,"Straßberg","72479","Baden-Württemberg",72479
444708,"Straßenhaus","56587","Rheinland-Pfalz",56587
959666,"Straßkirchen","94342","Bayern",94342
929726,"Straßlach-Dingharting","82064","Bayern",82064
57975,"Straubenhardt","75334","Baden-Württemberg",75334
62636,"Straubing","94315","Bayern",94315
1270362,"Straufhain","98646","Thüringen",98646
1388879,"Straupitz","15913","Brandenburg",15913
1332939,"Strausberg","15344","Brandenburg",15344
2411249,"Straußfurt","99634","Thüringen",99634
551074,"Strehla","01616","Sachsen",1616
453178,"Streithausen","57629","Rheinland-Pfalz",57629
1113757,"Strickscheid","54597","Rheinland-Pfalz",54597
411425,"Striegistal","09661","Sachsen",9661
1451595,"Strohkirchen","19230","Mecklenburg-Vorpommern",19230
1085803,"Strohn","54558","Rheinland-Pfalz",54558
1243984,"Stromberg","55442","Rheinland-Pfalz",55442
1085798,"Strotzbüsch","54552","Rheinland-Pfalz",54552
447963,"Strübbel","25792","Schleswig-Holstein",25792
1415599,"Struckum","25821","Schleswig-Holstein",25821
442916,"Strukdorf","23815","Schleswig-Holstein",23815
1077562,"Strullendorf","96129","Bayern",96129
534524,"Struppen","01796","Sachsen",1796
540472,"Strüth","56357","Rheinland-Pfalz",56357
422749,"Struvenhütten","24643","Schleswig-Holstein",24643
1149343,"Struxdorf","24891","Schleswig-Holstein",24891
1463292,"Stubben","23847","Schleswig-Holstein",23847
393344,"Stubbendorf","18195","Mecklenburg-Vorpommern",18195
957060,"Stubenberg","94166","Bayern",94166
1302361,"Stüdenitz-Schönermark","16845","Brandenburg",16845
1424158,"Stuer","17209","Mecklenburg-Vorpommern",17209
2785268,"Stühlingen","79780","Baden-Württemberg",79780
20681,"Stuhr","28816","Niedersachsen",28816
962183,"Stulln","92551","Bayern",92551
416403,"Stürzelbach","57614","Rheinland-Pfalz",57614
659821,"Stutensee","76297","Baden-Württemberg",76297
2793104,"Stuttgart","70173","Baden-Württemberg",70173
2793104,"Stuttgart","70174","Baden-Württemberg",70174
2793104,"Stuttgart","70176","Baden-Württemberg",70176
2793104,"Stuttgart","70178","Baden-Württemberg",70178
2793104,"Stuttgart","70180","Baden-Württemberg",70180
2793104,"Stuttgart","70182","Baden-Württemberg",70182
2793104,"Stuttgart","70184","Baden-Württemberg",70184
2793104,"Stuttgart","70186","Baden-Württemberg",70186
2793104,"Stuttgart","70188","Baden-Württemberg",70188
2793104,"Stuttgart","70190","Baden-Württemberg",70190
2793104,"Stuttgart","70191","Baden-Württemberg",70191
2793104,"Stuttgart","70192","Baden-Württemberg",70192
2793104,"Stuttgart","70193","Baden-Württemberg",70193
2793104,"Stuttgart","70195","Baden-Württemberg",70195
2793104,"Stuttgart","70197","Baden-Württemberg",70197
2793104,"Stuttgart","70199","Baden-Württemberg",70199
2793104,"Stuttgart","70327","Baden-Württemberg",70327
2793104,"Stuttgart","70329","Baden-Württemberg",70329
2793104,"Stuttgart","70372","Baden-Württemberg",70372
2793104,"Stuttgart","70374","Baden-Württemberg",70374
2793104,"Stuttgart","70376","Baden-Württemberg",70376
2793104,"Stuttgart","70378","Baden-Württemberg",70378
2793104,"Stuttgart","70435","Baden-Württemberg",70435
2793104,"Stuttgart","70437","Baden-Württemberg",70437
2793104,"Stuttgart","70439","Baden-Württemberg",70439
2793104,"Stuttgart","70469","Baden-Württemberg",70469
2793104,"Stuttgart","70499","Baden-Württemberg",70499
2793104,"Stuttgart","70563","Baden-Württemberg",70563
2793104,"Stuttgart","70565","Baden-Württemberg",70565
2793104,"Stuttgart","70567","Baden-Württemberg",70567
2793104,"Stuttgart","70569","Baden-Württemberg",70569
2793104,"Stuttgart","70597","Baden-Württemberg",70597
2793104,"Stuttgart","70599","Baden-Württemberg",70599
2793104,"Stuttgart","70619","Baden-Württemberg",70619
2793104,"Stuttgart","70629","Baden-Württemberg",70629
418999,"Stützengrün","08328","Sachsen",8328
165445,"Stützerbach","98714","Thüringen",98714
422848,"Stuvenborn","24641","Schleswig-Holstein",24641
449893,"Suckow","19376","Mecklenburg-Vorpommern",19376
898634,"Südbrookmerland","26624","Niedersachsen",26624
898634,"Südbrookmerland","26759","Niedersachsen",26759
2902868,"Südeichsfeld","99976","Thüringen",99976
2902868,"Südeichsfeld","99988","Thüringen",99988
447255,"Süderau","25361","Schleswig-Holstein",25361
1149240,"Süderbrarup","24392","Schleswig-Holstein",24392
1460233,"Suderburg","29556","Niedersachsen",29556
447964,"Süderdeich","25764","Schleswig-Holstein",25764
966769,"Süderdorf","25782","Schleswig-Holstein",25782
1428587,"Süderende","25938","Schleswig-Holstein",25938
1149337,"Süderfahrenstedt","24890","Schleswig-Holstein",24890
1709452,"Südergellersen","21394","Niedersachsen",21394
1156125,"Süderhackstedt","24852","Schleswig-Holstein",24852
1156125,"Süderhackstedt","24992","Schleswig-Holstein",24992
939489,"Süderhastedt","25727","Schleswig-Holstein",25727
962282,"Süderheistedt","25779","Schleswig-Holstein",25779
1403981,"Süderhöft","25876","Schleswig-Holstein",25876
372322,"Süderholz","18516","Mecklenburg-Vorpommern",18516
1418485,"Süderlügum","25923","Schleswig-Holstein",25923
1405170,"Südermarsch","25813","Schleswig-Holstein",25813
1405170,"Südermarsch","25840","Schleswig-Holstein",25840
1157803,"Süderstapel","25879","Schleswig-Holstein",25879
2398912,"Südharz","06536","Sachsen-Anhalt",6536
4447328,"Südheide","29303","Niedersachsen",29303
4447328,"Südheide","29320","Niedersachsen",29320
4447328,"Südheide","29345","Niedersachsen",29345
2414809,"Südliches Anhalt","06369","Sachsen-Anhalt",6369
2414809,"Südliches Anhalt","06386","Sachsen-Anhalt",6386
2414809,"Südliches Anhalt","06388","Sachsen-Anhalt",6388
162731,"Südlohn","46354","Nordrhein-Westfalen",46354
1461202,"Sudwalde","27257","Niedersachsen",27257
356750,"Sugenheim","91438","Bayern",91438
356750,"Sugenheim","91484","Bayern",91484
62450,"Suhl","98527","Thüringen",98527
62450,"Suhl","98528","Thüringen",98528
62450,"Suhl","98529","Thüringen",98529
62450,"Suhl","98530","Thüringen",98530
62450,"Suhl","98711","Thüringen",98711
1460232,"Suhlendorf","29562","Niedersachsen",29562
449929,"Sukow","19079","Mecklenburg-Vorpommern",19079
2020636,"Sukow-Levitzow","17168","Mecklenburg-Vorpommern",17168
422730,"Sülfeld","23845","Schleswig-Holstein",23845
422730,"Sülfeld","23867","Schleswig-Holstein",23867
1250475,"Sulingen","27232","Niedersachsen",27232
1152681,"Sülm","54636","Rheinland-Pfalz",54636
1451594,"Sülstorf","19077","Mecklenburg-Vorpommern",19077
2458466,"Sulza","07751","Thüringen",7751
943740,"Sulz am Neckar","72172","Baden-Württemberg",72172
414856,"Sulzbach","65843","Hessen",65843
540065,"Sulzbach","56379","Rheinland-Pfalz",56379
1245105,"Sulzbach","55758","Rheinland-Pfalz",55758
395352,"Sulzbach am Main","63834","Bayern",63834
404652,"Sulzbach an der Murr","71560","Baden-Württemberg",71560
391361,"Sulzbach-Laufen","74429","Baden-Württemberg",74429
1028552,"Sulzbach-Rosenberg","92237","Bayern",92237
1184877,"Sulzbach/Saar","66280","Saarland",66280
1253783,"Sulzbachtal","67734","Rheinland-Pfalz",67734
957730,"Sulzberg","87477","Bayern",87477
271658,"Sulzburg","79295","Baden-Württemberg",79295
387528,"Sulzdorf a.d.Lederhecke","97528","Bayern",97528
934455,"Sulzemoos","85254","Bayern",85254
934455,"Sulzemoos","85259","Bayern",85259
75589,"Sülzetal","39171","Sachsen-Anhalt",39171
387531,"Sulzfeld","97633","Bayern",97633
659838,"Sulzfeld","75056","Baden-Württemberg",75056
2247389,"Sülzfeld","98617","Thüringen",98617
282347,"Sulzfeld am Main","97320","Bayern",97320
318259,"Sulzheim","97529","Bayern",97529
1248403,"Sulzheim","55286","Rheinland-Pfalz",55286
383590,"Sulzthal","97717","Bayern",97717
966628,"Sünching","93104","Bayern",93104
157395,"Sundern","59846","Nordrhein-Westfalen",59846
371524,"Sundhagen","18519","Mecklenburg-Vorpommern",18519
2903169,"Sundhausen","99947","Thüringen",99947
1446665,"Süpplingen","38373","Niedersachsen",38373
1446658,"Süpplingenburg","38376","Niedersachsen",38376
941744,"Surberg","83362","Bayern",83362
1474251,"Surwold","26903","Niedersachsen",26903
382407,"Süsel","23701","Schleswig-Holstein",23701
2792112,"Süßen","73079","Baden-Württemberg",73079
2010636,"Sustrum","49762","Niedersachsen",49762
1169363,"Suthfeld","31555","Niedersachsen",31555
172208,"Swisttal","53913","Nordrhein-Westfalen",53913
1318358,"Sydower Fließ","16230","Brandenburg",16230
20680,"Syke","28857","Niedersachsen",28857
1147134,"Sylt","25980","Schleswig-Holstein",25980
956147,"Syrgenstein","89428","Bayern",89428
1149333,"Taarstedt","24893","Schleswig-Holstein",24893
1256021,"Taben-Rodt","54441","Rheinland-Pfalz",54441
941603,"Tacherting","83342","Bayern",83342
941675,"Taching am See","83373","Bayern",83373
548604,"Tackesdorf","24797","Schleswig-Holstein",24797
548604,"Tackesdorf","25585","Schleswig-Holstein",25585
915421,"Täferrot","73527","Baden-Württemberg",73527
962641,"Tagmersheim","86704","Bayern",86704
410496,"Talheim","74388","Baden-Württemberg",74388
1231985,"Talheim","78607","Baden-Württemberg",78607
1466111,"Talkau","21493","Schleswig-Holstein",21493
1258418,"Talling","54426","Rheinland-Pfalz",54426
2801687,"Tambach-Dietharz","99897","Thüringen",99897
405808,"Tamm","71732","Baden-Württemberg",71732
1284746,"Tangerhütte","39517","Sachsen-Anhalt",39517
1284746,"Tangerhütte","39579","Sachsen-Anhalt",39579
1284739,"Tangermünde","39590","Sachsen-Anhalt",39590
443706,"Tangstedt","25499","Schleswig-Holstein",25499
444300,"Tangstedt","22889","Schleswig-Holstein",22889
454866,"Tann","36142","Hessen",36142
957064,"Tann","84367","Bayern",84367
2179222,"Tanna","07922","Thüringen",7922
536591,"Tannenberg","09468","Sachsen",9468
1059455,"Tännesberg","92723","Bayern",92723
915559,"Tannhausen","73497","Baden-Württemberg",73497
2801212,"Tannheim","88459","Baden-Württemberg",88459
1334100,"Tantow","16307","Brandenburg",16307
962450,"Tapfheim","86660","Bayern",86660
1355681,"Tappenbeck","38479","Niedersachsen",38479
548593,"Tappendorf","24594","Schleswig-Holstein",24594
406332,"Tarbek","24619","Schleswig-Holstein",24619
965609,"Tarmstedt","27412","Niedersachsen",27412
1963383,"Tarnow","18249","Mecklenburg-Vorpommern",18249
1149295,"Tarp","24963","Schleswig-Holstein",24963
310412,"Tasdorf","24536","Schleswig-Holstein",24536
1149287,"Tastrup","24943","Schleswig-Holstein",24943
2395916,"Tastungen","37339","Thüringen",37339
1395342,"Tating","25881","Schleswig-Holstein",25881
401806,"Tauberbischofsheim","97941","Baden-Württemberg",97941
162672,"Tauberrettersheim","97285","Bayern",97285
445118,"Taucha","04425","Sachsen",4425
1384802,"Tauche","15848","Brandenburg",15848
1322806,"Tauer","03185","Brandenburg",3185
536184,"Taufkirchen","82024","Bayern",82024
934755,"Taufkirchen","84416","Bayern",84416
940961,"Taufkirchen","84574","Bayern",84574
412432,"Taunusstein","65232","Hessen",65232
414482,"Taura","09249","Sachsen",9249
2778422,"Tautenburg","07778","Thüringen",7778
2778426,"Tautendorf","07646","Thüringen",7646
2778429,"Tautenhain","07639","Thüringen",7639
1255964,"Tawern","54456","Rheinland-Pfalz",54456
548512,"Techelsdorf","24220","Schleswig-Holstein",24220
449911,"Techentin","19399","Mecklenburg-Vorpommern",19399
155574,"Tecklenburg","49545","Nordrhein-Westfalen",49545
2179223,"Tegau","07907","Thüringen",7907
964615,"Tegernheim","93105","Bayern",93105
935954,"Tegernsee","83684","Bayern",83684
1322804,"Teichland","03185","Brandenburg",3185
2792898,"Teichwitz","07570","Thüringen",7570
941760,"Teisendorf","83317","Bayern",83317
941760,"Teisendorf","83364","Bayern",83364
942025,"Teising","84576","Bayern",84576
959153,"Teisnach","94244","Bayern",94244
2393877,"Teistungen","37339","Thüringen",37339
1451558,"Teldau","19273","Mecklenburg-Vorpommern",19273
152290,"Telgte","48291","Nordrhein-Westfalen",48291
1269730,"Tellig","56858","Rheinland-Pfalz",56858
966778,"Tellingstedt","25782","Schleswig-Holstein",25782
447979,"Teltow","14513","Brandenburg",14513
1255969,"Temmels","54441","Rheinland-Pfalz",54441
1334111,"Temmen-Ringenwalde","17268","Brandenburg",17268
1302396,"Temnitzquell","16818","Brandenburg",16818
1302382,"Temnitztal","16845","Brandenburg",16845
1334098,"Templin","17268","Brandenburg",17268
2785260,"Tengen","78250","Baden-Württemberg",78250
1124271,"Teningen","79312","Baden-Württemberg",79312
1124271,"Teningen","79331","Baden-Württemberg",79331
423041,"Tensbüttel-Röst","25767","Schleswig-Holstein",25767
406356,"Tensfeld","23824","Schleswig-Holstein",23824
1253982,"Teschenmoschel","67806","Rheinland-Pfalz",67806
279236,"Tespe","21395","Niedersachsen",21395
449890,"Tessenow","19376","Mecklenburg-Vorpommern",19376
393342,"Tessin","18195","Mecklenburg-Vorpommern",18195
1451513,"Tessin b. Boizenburg","19258","Mecklenburg-Vorpommern",19258
1481613,"Testorf-Steinfort","23936","Mecklenburg-Vorpommern",23936
1397063,"Tetenbüll","25882","Schleswig-Holstein",25882
1157801,"Tetenhusen","24817","Schleswig-Holstein",24817
1996944,"Teterow","17166","Mecklenburg-Vorpommern",17166
1021747,"Tettau","96355","Bayern",96355
1314272,"Tettau","01945","Brandenburg",1945
958098,"Tettenweis","94167","Bayern",94167
2783824,"Tettnang","88069","Baden-Württemberg",88069
2783824,"Tettnang","88079","Baden-Württemberg",88079
962125,"Teublitz","93158","Bayern",93158
2405054,"Teuchern","06682","Sachsen-Anhalt",6682
956655,"Teugn","93356","Bayern",93356
961858,"Teunz","92552","Bayern",92552
1389622,"Teupitz","15755","Brandenburg",15755
1021743,"Teuschnitz","96358","Bayern",96358
2406635,"Teutschenthal","06179","Sachsen-Anhalt",6179
556107,"Thaden","25557","Schleswig-Holstein",25557
933961,"Thaining","86943","Bayern",86943
1332263,"Thale","06502","Sachsen-Anhalt",6502
1251031,"Thaleischweiler-Fröschen","66987","Rheinland-Pfalz",66987
1258415,"Thalfang","54424","Rheinland-Pfalz",54424
443255,"Thalhausen","56584","Rheinland-Pfalz",56584
536010,"Thalheim/Erzgebirge","09380","Sachsen",9380
1246587,"Thallichtenberg","66871","Rheinland-Pfalz",66871
422920,"Thallwitz","04808","Sachsen",4808
964617,"Thalmassing","93107","Bayern",93107
158565,"Thalmässing","91177","Bayern",91177
2396265,"Thalwenden","37318","Thüringen",37318
1444918,"Thandorf","19217","Mecklenburg-Vorpommern",19217
963832,"Thannhausen","86470","Bayern",86470
961857,"Thanstein","92554","Bayern",92554
455470,"Tharandt","01737","Sachsen",1737
1292742,"Thedinghausen","27321","Niedersachsen",27321
1015104,"Theilenhofen","91741","Bayern",91741
163739,"Theilheim","97288","Bayern",97288
1246591,"Theisbergstegen","66871","Rheinland-Pfalz",66871
1059450,"Theisseil","92637","Bayern",92637
393343,"Thelkow","18195","Mecklenburg-Vorpommern",18195
1273308,"Themar","98660","Thüringen",98660
387769,"Theres","97531","Bayern",97531
536631,"Thermalbad Wiesenbad","09488","Sachsen",9488
444320,"Theuma","08541","Sachsen",8541
5818676,"Thiendorf","01561","Sachsen",1561
445865,"Thierhaupten","86672","Bayern",86672
2778431,"Thierschneck","07774","Thüringen",7774
1022891,"Thiersheim","95707","Bayern",95707
1022875,"Thierstein","95199","Bayern",95199
1184606,"Tholey","66636","Saarland",66636
1387434,"Thomasburg","21401","Niedersachsen",21401
1256944,"Thomm","54317","Rheinland-Pfalz",54317
2778490,"Thonhausen","04626","Thüringen",4626
1182306,"Thörlingen","56291","Rheinland-Pfalz",56291
1255911,"Thörnich","54340","Rheinland-Pfalz",54340
2006849,"Thuine","49832","Niedersachsen",49832
393350,"Thulendorf","18184","Mecklenburg-Vorpommern",18184
536587,"Thum","09419","Sachsen",9419
557141,"Thumby","24351","Schleswig-Holstein",24351
383673,"Thundorf i.UFr.","97711","Bayern",97711
335434,"Thüngen","97289","Bayern",97289
181163,"Thüngersheim","97291","Bayern",97291
544237,"Thür","56743","Rheinland-Pfalz",56743
2389090,"Thüringenhausen","99713","Thüringen",99713
1996948,"Thürkow","17168","Mecklenburg-Vorpommern",17168
958947,"Thurmansbang","94169","Bayern",94169
1022773,"Thurnau","95349","Bayern",95349
958138,"Thyrnau","94136","Bayern",94136
1330072,"Tiddische","38473","Niedersachsen",38473
191256,"Tiefenbach","84184","Bayern",84184
958103,"Tiefenbach","94113","Bayern",94113
960509,"Tiefenbach","93464","Bayern",93464
1241652,"Tiefenbach","55471","Rheinland-Pfalz",55471
2801352,"Tiefenbach","88422","Baden-Württemberg",88422
307959,"Tiefenbronn","75233","Baden-Württemberg",75233
1268947,"Tiefenort","36460","Thüringen",36460
1268947,"Tiefenort","36469","Thüringen",36469
1244014,"Tiefenthal","55546","Rheinland-Pfalz",55546
1249750,"Tiefenthal","67311","Rheinland-Pfalz",67311
1157806,"Tielen","24803","Schleswig-Holstein",24803
966681,"Tielenhemme","25794","Schleswig-Holstein",25794
548560,"Timmaspe","24644","Schleswig-Holstein",24644
382444,"Timmendorfer Strand","23669","Schleswig-Holstein",23669
1417216,"Tinningstedt","25917","Schleswig-Holstein",25917
444319,"Tirpersdorf","08606","Sachsen",8606
968889,"Tirschenreuth","95643","Bayern",95643
2778433,"Tissa","07646","Thüringen",7646
1079023,"Tiste","27419","Niedersachsen",27419
319155,"Titisee-Neustadt","79822","Baden-Württemberg",79822
943549,"Titting","85135","Bayern",85135
958096,"Tittling","94104","Bayern",94104
941656,"Tittmoning","84529","Bayern",84529
158411,"Titz","52445","Nordrhein-Westfalen",52445
1451508,"Toddin","19230","Mecklenburg-Vorpommern",19230
548597,"Todenbüttel","24819","Schleswig-Holstein",24819
453748,"Todendorf","22965","Schleswig-Holstein",22965
1245166,"Todenroth","55481","Rheinland-Pfalz",55481
422847,"Todesfelde","23826","Schleswig-Holstein",23826
162454,"Todtenweis","86447","Bayern",86447
1240395,"Todtmoos","79682","Baden-Württemberg",79682
1130286,"Todtnau","79674","Baden-Württemberg",79674
941948,"Töging a.Inn","84513","Bayern",84513
1149344,"Tolk","24894","Schleswig-Holstein",24894
2179225,"Tömmelsdorf","07819","Thüringen",7819
88735,"Tönisvorst","47918","Nordrhein-Westfalen",47918
2817260,"Tonna","99958","Thüringen",99958
2857018,"Tonndorf","99438","Thüringen",99438
1106363,"Tönning","25832","Schleswig-Holstein",25832
1021699,"Töpen","95183","Bayern",95183
2388861,"Topfstedt","99718","Thüringen",99718
335213,"Toppenstedt","21442","Niedersachsen",21442
534447,"Torgau","04860","Sachsen",4860
534447,"Torgau","04861","Sachsen",4861
1410801,"Torgelow","17358","Mecklenburg-Vorpommern",17358
1424298,"Torgelow am See","17192","Mecklenburg-Vorpommern",17192
443339,"Tornesch","25436","Schleswig-Holstein",25436
337744,"Tostedt","21255","Niedersachsen",21255
1376693,"Tosterglope","21371","Niedersachsen",21371
2903170,"Tottleben","99947","Thüringen",99947
1261698,"Traben-Trarbach","56841","Rheinland-Pfalz",56841
1059446,"Trabitz","92724","Bayern",92724
956657,"Train","93358","Bayern",93358
1244036,"Traisen","55595","Rheinland-Pfalz",55595
960528,"Traitsching","93455","Bayern",93455
449904,"Tramm","19089","Mecklenburg-Vorpommern",19089
1466180,"Tramm","21516","Schleswig-Holstein",21516
405631,"Trappenkamp","24610","Schleswig-Holstein",24610
387527,"Trappstadt","97633","Bayern",97633
1256024,"Trassem","54441","Rheinland-Pfalz",54441
1432807,"Trassenheide","17449","Mecklenburg-Vorpommern",17449
941741,"Traunreut","83301","Bayern",83301
941741,"Traunreut","83368","Bayern",83368
941741,"Traunreut","83371","Bayern",83371
941741,"Traunreut","83374","Bayern",83374
941745,"Traunstein","83278","Bayern",83278
962200,"Trausnitz","92555","Bayern",92555
357054,"Trautskirchen","90619","Bayern",90619
532322,"Travenbrück","23843","Schleswig-Holstein",23843
404324,"Travenhorst","23827","Schleswig-Holstein",23827
422842,"Traventhal","23795","Schleswig-Holstein",23795
422433,"Trebbin","14959","Brandenburg",14959
1821884,"Trebel","29494","Niedersachsen",29494
2714344,"Treben","04617","Thüringen",4617
1310640,"Trebendorf","02959","Sachsen",2959
1022774,"Trebgast","95367","Bayern",95367
2388838,"Trebra","99718","Thüringen",99718
422916,"Trebsen/Mulde","04687","Sachsen",4687
444513,"Trebur","65468","Hessen",65468
1245249,"Trechtingshausen","55413","Rheinland-Pfalz",55413
960507,"Treffelstein","93492","Bayern",93492
1268968,"Treffurt","99830","Thüringen",99830
1268968,"Treffurt","99831","Thüringen",99831
1156151,"Treia","24896","Schleswig-Holstein",24896
1266510,"Treis-Karden","56253","Rheinland-Pfalz",56253
453743,"Tremsbüttel","22967","Schleswig-Holstein",22967
1112223,"Trendelburg","34388","Hessen",34388
935396,"Trennewurth","25693","Schleswig-Holstein",25693
1438067,"Trent","18569","Mecklenburg-Vorpommern",18569
1332908,"Treplin","15236","Brandenburg",15236
1015144,"Treuchtlingen","91757","Bayern",91757
446586,"Treuen","08233","Sachsen",8233
369857,"Treuenbrietzen","14929","Brandenburg",14929
1242237,"Triberg im Schwarzwald","78098","Baden-Württemberg",78098
372880,"Tribsees","18465","Mecklenburg-Vorpommern",18465
444884,"Triebel","08606","Sachsen",8606
335469,"Triefenstein","97855","Bayern",97855
172679,"Trier","54290","Rheinland-Pfalz",54290
172679,"Trier","54292","Rheinland-Pfalz",54292
172679,"Trier","54293","Rheinland-Pfalz",54293
172679,"Trier","54294","Rheinland-Pfalz",54294
172679,"Trier","54295","Rheinland-Pfalz",54295
172679,"Trier","54296","Rheinland-Pfalz",54296
1060420,"Trierscheid","53520","Rheinland-Pfalz",53520
1255905,"Trierweiler","54311","Rheinland-Pfalz",54311
957043,"Triftern","84371","Bayern",84371
1289794,"Triglitz","16949","Brandenburg",16949
543133,"Trimbs","56753","Rheinland-Pfalz",56753
1152699,"Trimport","54636","Rheinland-Pfalz",54636
374283,"Trinwillershagen","18320","Mecklenburg-Vorpommern",18320
191523,"Trippstadt","67705","Rheinland-Pfalz",67705
2179224,"Triptis","07819","Thüringen",7819
419144,"Trittau","22946","Schleswig-Holstein",22946
417367,"Trittenheim","54349","Rheinland-Pfalz",54349
1322946,"Tröbitz","03253","Brandenburg",3253
2778439,"Tröbnitz","07646","Thüringen",7646
2818337,"Tröchtelborn","99869","Thüringen",99869
2773430,"Trochtelfingen","72818","Baden-Württemberg",72818
2778434,"Trockenborn-Wolfersdorf","07646","Thüringen",7646
1021710,"Trogen","95183","Bayern",95183
55060,"Troisdorf","53840","Nordrhein-Westfalen",53840
55060,"Troisdorf","53842","Nordrhein-Westfalen",53842
55060,"Troisdorf","53844","Nordrhein-Westfalen",53844
2857019,"Troistedt","99438","Thüringen",99438
1419843,"Trollenhagen","17039","Mecklenburg-Vorpommern",17039
189455,"Tröndel","24321","Schleswig-Holstein",24321
446700,"Trossin","04880","Sachsen",4880
1231952,"Trossingen","78647","Baden-Württemberg",78647
1022881,"Tröstau","95709","Bayern",95709
941651,"Trostberg","83308","Bayern",83308
1251150,"Trulben","66957","Rheinland-Pfalz",66957
958247,"Trunkelsberg","87779","Bayern",87779
1322600,"Tschernitz","03130","Brandenburg",3130
1021758,"Tschirn","96367","Bayern",96367
2778914,"Tübingen","72070","Baden-Württemberg",72070
2778914,"Tübingen","72072","Baden-Württemberg",72072
2778914,"Tübingen","72074","Baden-Württemberg",72074
2778914,"Tübingen","72076","Baden-Württemberg",72076
1016397,"Tuchenbach","90587","Bayern",90587
1329929,"Tülau","38474","Niedersachsen",38474
1395344,"Tümlauer Koog","25881","Schleswig-Holstein",25881
1244180,"Tunau","79677","Baden-Württemberg",79677
1242134,"Tuningen","78609","Baden-Württemberg",78609
2186944,"Tuntenhausen","83104","Bayern",83104
933546,"Türkenfeld","82299","Bayern",82299
958165,"Türkheim","86842","Bayern",86842
1322808,"Turnow-Preilack","03185","Brandenburg",3185
957770,"Tussenhausen","86874","Bayern",86874
942026,"Tüßling","84577","Bayern",84577
1427541,"Tutow","17129","Mecklenburg-Vorpommern",17129
548492,"Tüttendorf","24214","Schleswig-Holstein",24214
2818338,"Tüttleben","99869","Thüringen",99869
1231962,"Tuttlingen","78532","Baden-Württemberg",78532
932435,"Tutzing","82327","Bayern",82327
1427899,"Tützpatz","17091","Mecklenburg-Vorpommern",17091
1149340,"Twedt","24894","Schleswig-Holstein",24894
1815278,"Twist","49767","Niedersachsen",49767
198579,"Twistetal","34477","Hessen",34477
1461201,"Twistringen","27239","Niedersachsen",27239
942116,"Tyrlaching","84558","Bayern",84558
157488,"Übach-Palenberg","52531","Nordrhein-Westfalen",52531
1171893,"Übereisenbach","54689","Rheinland-Pfalz",54689
1184560,"Überherrn","66802","Saarland",66802
2784807,"Überlingen","88662","Baden-Württemberg",88662
941735,"Übersee","83236","Bayern",83236
659813,"Ubstadt-Weiher","76698","Baden-Württemberg",76698
1183258,"Uchte","31600","Niedersachsen",31600
318747,"Üchtelhausen","97532","Bayern",97532
1334089,"Uckerfelde","17291","Brandenburg",17291
1433095,"Ückeritz","17459","Mecklenburg-Vorpommern",17459
1334081,"Uckerland","17337","Brandenburg",17337
1248406,"Udenheim","55288","Rheinland-Pfalz",55288
2815165,"Uder","37318","Thüringen",37318
1085794,"Üdersdorf","54552","Rheinland-Pfalz",54552
2411319,"Udestedt","99198","Thüringen",99198
1085812,"Udler","54552","Rheinland-Pfalz",54552
1303774,"Uebigau-Wahrenbrück","04895","Brandenburg",4895
1303774,"Uebigau-Wahrenbrück","04924","Brandenburg",4924
1303774,"Uebigau-Wahrenbrück","04938","Brandenburg",4938
1408058,"Ueckermünde","17373","Mecklenburg-Vorpommern",17373
167970,"Uedem","47589","Nordrhein-Westfalen",47589
451740,"Uehlfeld","91486","Bayern",91486
1432641,"Uehrde","38170","Niedersachsen",38170
1451550,"Uelitz","19077","Mecklenburg-Vorpommern",19077
1149342,"Uelsby","24860","Schleswig-Holstein",24860
2012532,"Uelsen","49843","Niedersachsen",49843
1245843,"Uelversheim","55278","Rheinland-Pfalz",55278
1402821,"Uelvesbüll","25889","Schleswig-Holstein",25889
1246442,"Uelzen","29525","Niedersachsen",29525
1075160,"Uersfeld","56767","Rheinland-Pfalz",56767
1075149,"Ueß","56767","Rheinland-Pfalz",56767
53584,"Uetersen","25436","Schleswig-Holstein",25436
180679,"Uettingen","97292","Bayern",97292
1177827,"Uetze","31311","Niedersachsen",31311
356764,"Uffenheim","97215","Bayern",97215
937777,"Uffing am Staffelsee","82449","Bayern",82449
2792711,"Uhingen","73066","Baden-Württemberg",73066
2784654,"Uhldingen-Mühlhofen","88690","Baden-Württemberg",88690
1204719,"Uhler","56290","Rheinland-Pfalz",56290
2785693,"Ühlingen-Birkendorf","79777","Baden-Württemberg",79777
1273351,"Uhlstädt-Kirchhasel","07407","Thüringen",7407
62495,"Ulm","89073","Baden-Württemberg",89073
62495,"Ulm","89075","Baden-Württemberg",89075
62495,"Ulm","89077","Baden-Württemberg",89077
62495,"Ulm","89079","Baden-Württemberg",89079
62495,"Ulm","89081","Baden-Württemberg",89081
62495,"Ulm","89160","Baden-Württemberg",89160
1269805,"Ulmen","56766","Rheinland-Pfalz",56766
1246620,"Ulmet","66887","Rheinland-Pfalz",66887
418339,"Ulrichstein","35327","Hessen",35327
1149229,"Ulsnis","24897","Schleswig-Holstein",24897
1955551,"Umkirch","79224","Baden-Württemberg",79224
1438076,"Ummanz","18569","Mecklenburg-Vorpommern",18569
1286645,"Ummendorf","39365","Sachsen-Anhalt",39365
2801324,"Ummendorf","88444","Baden-Württemberg",88444
1381735,"Ummern","29369","Niedersachsen",29369
1270322,"Ummerstadt","98663","Thüringen",98663
2857020,"Umpferstedt","99441","Thüringen",99441
309522,"Undeloh","21274","Niedersachsen",21274
309522,"Undeloh","29640","Niedersachsen",29640
1245830,"Undenheim","55278","Rheinland-Pfalz",55278
958674,"Ungerhausen","87781","Bayern",87781
443473,"Unkel","53572","Rheinland-Pfalz",53572
1253878,"Unkenbach","67823","Rheinland-Pfalz",67823
2802286,"Unlingen","88527","Baden-Württemberg",88527
158445,"Unna","59423","Nordrhein-Westfalen",59423
158445,"Unna","59425","Nordrhein-Westfalen",59425
158445,"Unna","59427","Nordrhein-Westfalen",59427
451718,"Unnau","57648","Rheinland-Pfalz",57648
387411,"Unsleben","97618","Bayern",97618
2896624,"Unstruttal","99974","Thüringen",99974
2896624,"Unstruttal","99976","Thüringen",99976
937895,"Unterammergau","82497","Bayern",82497
2778442,"Unterbodnitz","07646","Thüringen",7646
1268857,"Unterbreizbach","36404","Thüringen",36404
1268857,"Unterbreizbach","36414","Thüringen",36414
936649,"Unterdießen","86944","Bayern",86944
957070,"Unterdietfurt","84339","Bayern",84339
957118,"Unteregg","87782","Bayern",87782
410470,"Untereisesheim","74257","Baden-Württemberg",74257
2862751,"Unterensingen","72669","Baden-Württemberg",72669
2168251,"Unterföhring","85774","Bayern",85774
958109,"Untergriesbach","94107","Bayern",94107
410487,"Untergruppenbach","74199","Baden-Württemberg",74199
497335,"Unterhaching","82008","Bayern",82008
1246776,"Unterjeckenbach","67746","Rheinland-Pfalz",67746
2831172,"Unterkatz","98634","Thüringen",98634
1242305,"Unterkirnach","78089","Baden-Württemberg",78089
1080499,"Unterleinleiter","91364","Bayern",91364
2803466,"Untermarchtal","89617","Baden-Württemberg",89617
2247390,"Untermaßfeld","98617","Thüringen",98617
935161,"Untermeitingen","86836","Bayern",86836
388837,"Untermerzbach","96190","Bayern",96190
389474,"Untermünkheim","74547","Baden-Württemberg",74547
942034,"Unterneukirchen","84579","Bayern",84579
182346,"Unterpleichfeld","97294","Bayern",97294
309945,"Unterreichenbach","75399","Baden-Württemberg",75399
940784,"Unterreit","83567","Bayern",83567
941085,"Unterroth","89299","Bayern",89299
334267,"Unterschleißheim","85716","Bayern",85716
915549,"Unterschneidheim","73485","Baden-Württemberg",73485
2829602,"Unterschönau","98587","Thüringen",98587
534396,"Unterschwaningen","91743","Bayern",91743
453852,"Untershausen","56412","Rheinland-Pfalz",56412
956871,"Untersiemau","96253","Bayern",96253
1389283,"Unterspreewald","15910","Brandenburg",15910
2803402,"Unterstadion","89619","Baden-Württemberg",89619
1022767,"Untersteinach","95369","Bayern",95369
448111,"Unterthingau","87647","Bayern",87647
2828874,"Unterwachingen","89597","Baden-Württemberg",89597
2808135,"Unterwaldhausen","88379","Baden-Württemberg",88379
2536251,"Unterweid","98634","Thüringen",98634
1273284,"Unterweißbach","98744","Thüringen",98744
1273354,"Unterwellenborn","07333","Thüringen",7333
941705,"Unterwössen","83246","Bayern",83246
448040,"Untrasried","87496","Bayern",87496
1245170,"Unzenberg","55483","Rheinland-Pfalz",55483
1481614,"Upahl","23936","Mecklenburg-Vorpommern",23936
898638,"Upgant-Schott","26529","Niedersachsen",26529
1420391,"Uphusum","25923","Schleswig-Holstein",25923
1187438,"Uplengen","26670","Niedersachsen",26670
1171881,"Uppershausen","54673","Rheinland-Pfalz",54673
401642,"Urbach","73655","Baden-Württemberg",73655
401642,"Urbach","73660","Baden-Württemberg",73660
445744,"Urbach","56317","Rheinland-Pfalz",56317
2399486,"Urbach","99765","Thüringen",99765
547363,"Urbar","56182","Rheinland-Pfalz",56182
1190013,"Urbar","55430","Rheinland-Pfalz",55430
2903171,"Urleben","99955","Thüringen",99955
417342,"Urmersbach","56761","Rheinland-Pfalz",56761
548981,"Urmitz","56220","Rheinland-Pfalz",56220
2889821,"Urnshausen","36457","Thüringen",36457
962701,"Ursberg","86513","Bayern",86513
1269810,"Urschmitt","56825","Rheinland-Pfalz",56825
1028537,"Ursensollen","92289","Bayern",92289
335456,"Urspringen","97857","Bayern",97857
1258371,"Ürzig","54539","Rheinland-Pfalz",54539
1140560,"Usch","54655","Rheinland-Pfalz",54655
1433091,"Usedom","17406","Mecklenburg-Vorpommern",17406
1593440,"Userin","17237","Mecklenburg-Vorpommern",17237
418438,"Usingen","61250","Hessen",61250
1397829,"Uslar","37170","Niedersachsen",37170
452578,"Ustersbach","86514","Bayern",86514
2012368,"Utarp","26556","Niedersachsen",26556
1444915,"Utecht","19217","Mecklenburg-Vorpommern",19217
2828448,"Utendorf","98617","Thüringen",98617
1428596,"Utersum","25938","Schleswig-Holstein",25938
1171867,"Utscheid","54675","Rheinland-Pfalz",54675
1016527,"Uttenreuth","91080","Bayern",91080
2802287,"Uttenweiler","88524","Baden-Württemberg",88524
1113747,"Üttfeld","54619","Rheinland-Pfalz",54619
933877,"Utting am Ammersee","86919","Bayern",86919
1427219,"Utzedel","17111","Mecklenburg-Vorpommern",17111
1130301,"Utzenfeld","79694","Baden-Württemberg",79694
1182316,"Utzenhain","56291","Rheinland-Pfalz",56291
1085805,"Utzerath","54552","Rheinland-Pfalz",54552
331064,"Üxheim","54579","Rheinland-Pfalz",54579
448608,"Vaale","25572","Schleswig-Holstein",25572
448608,"Vaale","25594","Schleswig-Holstein",25594
448544,"Vaalermoor","25594","Schleswig-Holstein",25594
2889819,"Vacha","36404","Thüringen",36404
2828451,"Vachdorf","98617","Thüringen",98617
941748,"Vachendorf","83377","Bayern",83377
1432660,"Vahlberg","38170","Niedersachsen",38170
2013294,"Vahlbruch","37647","Niedersachsen",37647
357091,"Vahlde","27389","Niedersachsen",27389
405820,"Vaihingen an der Enz","71665","Baden-Württemberg",71665
547364,"Vallendar","56179","Rheinland-Pfalz",56179
935955,"Valley","83626","Bayern",83626
1259301,"Valwig","56812","Rheinland-Pfalz",56812
1424304,"Varchentin","17192","Mecklenburg-Vorpommern",17192
1187380,"Varel","26316","Niedersachsen",26316
1675314,"Varrel","27259","Niedersachsen",27259
1944343,"Vastorf","21397","Niedersachsen",21397
929822,"Vaterstetten","85591","Bayern",85591
929822,"Vaterstetten","85598","Bayern",85598
929822,"Vaterstetten","85599","Bayern",85599
929822,"Vaterstetten","85622","Bayern",85622
929822,"Vaterstetten","85646","Bayern",85646
337335,"Vechelde","38159","Niedersachsen",38159
1336408,"Vechta","49377","Niedersachsen",49377
1444911,"Veelböken","19205","Mecklenburg-Vorpommern",19205
1263899,"Veilsdorf","98669","Thüringen",98669
1016401,"Veitsbronn","90587","Bayern",90587
183778,"Veitshöchheim","97209","Bayern",97209
1245140,"Veitsrodt","55758","Rheinland-Pfalz",55758
56679,"Velbert","42549","Nordrhein-Westfalen",42549
56679,"Velbert","42551","Nordrhein-Westfalen",42551
56679,"Velbert","42553","Nordrhein-Westfalen",42553
56679,"Velbert","42555","Nordrhein-Westfalen",42555
1028815,"Velburg","92355","Bayern",92355
191728,"Velden","84149","Bayern",84149
966160,"Velden","91235","Bayern",91235
1258368,"Veldenz","54472","Rheinland-Pfalz",54472
162729,"Velen","46342","Nordrhein-Westfalen",46342
374155,"Velgast","18469","Mecklenburg-Vorpommern",18469
1451529,"Vellahn","19260","Mecklenburg-Vorpommern",19260
390785,"Vellberg","74541","Baden-Württemberg",74541
532030,"Vellmar","34246","Hessen",34246
1446655,"Velpke","38458","Niedersachsen",38458
1310082,"Velten","16727","Brandenburg",16727
1432630,"Veltheim","38173","Niedersachsen",38173
1248408,"Vendersheim","55578","Rheinland-Pfalz",55578
1252452,"Venningen","67482","Rheinland-Pfalz",67482
1444914,"Ventschow","19417","Mecklenburg-Vorpommern",19417
1427211,"Verchen","17111","Mecklenburg-Vorpommern",17111
1183486,"Verden (Aller)","27283","Niedersachsen",27283
2805408,"Veringenstadt","72519","Baden-Württemberg",72519
138118,"Verl","33415","Nordrhein-Westfalen",33415
138699,"Versmold","33775","Nordrhein-Westfalen",33775
1016536,"Vestenbergsgreuth","91487","Bayern",91487
1322900,"Vetschau/Spreewald","03226","Brandenburg",3226
443574,"Vettelschoß","53560","Rheinland-Pfalz",53560
163313,"Vettweiß","52391","Nordrhein-Westfalen",52391
959163,"Viechtach","94234","Bayern",94234
1451539,"Vielank","19303","Mecklenburg-Vorpommern",19303
533597,"Vielbach","56244","Rheinland-Pfalz",56244
1302381,"Vielitzsee","16835","Brandenburg",16835
1079029,"Vierden","27419","Niedersachsen",27419
1410890,"Viereck","17309","Mecklenburg-Vorpommern",17309
1077528,"Viereth-Trunstadt","96191","Bayern",96191
1256079,"Vierherrenborn","54314","Rheinland-Pfalz",54314
335209,"Vierhöfen","21444","Niedersachsen",21444
934478,"Vierkirchen","85256","Bayern",85256
1310798,"Vierkirchen","02894","Sachsen",2894
1332901,"Vierlinden","15306","Brandenburg",15306
2829571,"Viernau","98547","Thüringen",98547
537051,"Viernheim","68519","Hessen",68519
88531,"Viersen","41747","Nordrhein-Westfalen",41747
88531,"Viersen","41748","Nordrhein-Westfalen",41748
88531,"Viersen","41749","Nordrhein-Westfalen",41749
88531,"Viersen","41751","Nordrhein-Westfalen",41751
933953,"Vilgertshofen","86946","Bayern",86946
956858,"Villenbach","86637","Bayern",86637
943743,"Villingendorf","78667","Baden-Württemberg",78667
1242298,"Villingen-Schwenningen","78048","Baden-Württemberg",78048
1242298,"Villingen-Schwenningen","78050","Baden-Württemberg",78050
1242298,"Villingen-Schwenningen","78052","Baden-Württemberg",78052
1242298,"Villingen-Schwenningen","78054","Baden-Württemberg",78054
1242298,"Villingen-Schwenningen","78056","Baden-Württemberg",78056
324311,"Villmar","65606","Hessen",65606
192229,"Vilsbiburg","84137","Bayern",84137
1028549,"Vilseck","92249","Bayern",92249
191420,"Vilsheim","84186","Bayern",84186
958090,"Vilshofen an der Donau","94474","Bayern",94474
1251153,"Vinningen","66957","Rheinland-Pfalz",66957
1406978,"Viöl","25884","Schleswig-Holstein",25884
2856468,"Vippachedelhausen","99439","Thüringen",99439
1424144,"Vipperow","17209","Mecklenburg-Vorpommern",17209
548057,"Virneburg","56729","Rheinland-Pfalz",56729
1398825,"Visbek","49429","Niedersachsen",49429
965606,"Visselhövede","27374","Niedersachsen",27374
147279,"Vlotho","32602","Nordrhein-Westfalen",32602
58640,"Voerde (Niederrhein)","46562","Nordrhein-Westfalen",46562
1384832,"Vogelsang","15890","Brandenburg",15890
1408060,"Vogelsang-Warsin","17375","Mecklenburg-Vorpommern",17375
2411282,"Vogelsberg","99610","Thüringen",99610
1392134,"Vögelsen","21360","Niedersachsen",21360
2808303,"Vogt","88267","Baden-Württemberg",88267
2190047,"Vogtareuth","83569","Bayern",83569
2902654,"Vogtei","99986","Thüringen",99986
70147,"Vogtsburg im Kaiserstuhl","79235","Baden-Württemberg",79235
380987,"Vohburg a.d.Donau","85088","Bayern",85088
1059462,"Vohenstrauß","92648","Bayern",92648
198601,"Vöhl","34516","Hessen",34516
1242238,"Vöhrenbach","78147","Baden-Württemberg",78147
941075,"Vöhringen","89269","Bayern",89269
943750,"Vöhringen","72189","Baden-Württemberg",72189
1419913,"Voigtsdorf","17349","Mecklenburg-Vorpommern",17349
2387278,"Voigtstedt","06556","Thüringen",6556
284500,"Volkach","97332","Bayern",97332
956645,"Volkenschwand","84106","Bayern",84106
2813359,"Volkerode","37308","Thüringen",37308
1252769,"Völkersweiler","76857","Rheinland-Pfalz",76857
1104512,"Volkertshausen","78269","Baden-Württemberg",78269
418883,"Volkerzen","57612","Rheinland-Pfalz",57612
544238,"Volkesfeld","56745","Rheinland-Pfalz",56745
1184868,"Völklingen","66333","Saarland",66333
2179226,"Volkmannsdorf","07924","Thüringen",7924
162251,"Volkmarsen","34471","Hessen",34471
904475,"Vollersode","27729","Niedersachsen",27729
2857021,"Vollersroda","99438","Thüringen",99438
1107719,"Vollerwiek","25836","Schleswig-Holstein",25836
1245133,"Vollmersbach","55758","Rheinland-Pfalz",55758
2778492,"Vollmershain","04626","Thüringen",4626
1250498,"Vollmersweiler","76744","Rheinland-Pfalz",76744
1424295,"Vollrathsruhe","17194","Mecklenburg-Vorpommern",17194
1416730,"Vollstedt","25821","Schleswig-Holstein",25821
1286634,"Völpke","39393","Sachsen-Anhalt",39393
1427540,"Völschow","17129","Mecklenburg-Vorpommern",17129
935386,"Volsemenhusen","25693","Schleswig-Holstein",25693
1817131,"Voltlage","49599","Niedersachsen",49599
1244009,"Volxheim","55546","Rheinland-Pfalz",55546
1059467,"Vorbach","95519","Bayern",95519
1963818,"Vorbeck","18258","Mecklenburg-Vorpommern",18258
1252816,"Vorderweidenthal","76889","Rheinland-Pfalz",76889
1363572,"Vordorf","38533","Niedersachsen",38533
966152,"Vorra","91247","Bayern",91247
1970198,"Vörstetten","79279","Baden-Württemberg",79279
965597,"Vorwerk","27412","Niedersachsen",27412
162864,"Vreden","48691","Nordrhein-Westfalen",48691
2007768,"Vrees","49757","Niedersachsen",49757
554539,"Waabs","24369","Schleswig-Holstein",24369
1399077,"Waake","37136","Niedersachsen",37136
935960,"Waakirchen","83666","Bayern",83666
421412,"Waal","86875","Bayern",86875
452217,"Wabern","34590","Hessen",34590
1307201,"Wachau","01454","Sachsen",1454
1248705,"Wachenheim","67591","Rheinland-Pfalz",67591
1249959,"Wachenheim an der Weinstraße","67157","Rheinland-Pfalz",67157
1016511,"Wachenroth","96193","Bayern",96193
2400609,"Wachstedt","37359","Thüringen",37359
172185,"Wachtberg","53343","Nordrhein-Westfalen",53343
168001,"Wachtendonk","47669","Nordrhein-Westfalen",47669
535934,"Wächtersbach","63607","Hessen",63607
448707,"Wacken","25596","Schleswig-Holstein",25596
1239617,"Wackernheim","55263","Rheinland-Pfalz",55263
954993,"Wackerow","17498","Mecklenburg-Vorpommern",17498
935236,"Wackersberg","83646","Bayern",83646
962185,"Wackersdorf","92442","Bayern",92442
1822765,"Waddeweitz","29496","Niedersachsen",29496
1184399,"Wadern","66687","Saarland",66687
151327,"Wadersloh","59329","Nordrhein-Westfalen",59329
1184562,"Wadgassen","66787","Saarland",66787
960532,"Waffenbrunn","93494","Bayern",93494
1403076,"Wagenfeld","49419","Niedersachsen",49419
1269811,"Wagenhausen","56826","Rheinland-Pfalz",56826
1384590,"Wagenhoff","38559","Niedersachsen",38559
1149238,"Wagersrott","24392","Schleswig-Holstein",24392
659808,"Waghäusel","68753","Baden-Württemberg",68753
941680,"Waging am See","83329","Bayern",83329
1241627,"Wahlbach","55494","Rheinland-Pfalz",55494
1245181,"Wahlenau","55491","Rheinland-Pfalz",55491
2813779,"Wahlhausen","37318","Thüringen",37318
1248569,"Wahlheim","55234","Rheinland-Pfalz",55234
453179,"Wahlrod","57614","Rheinland-Pfalz",57614
1112228,"Wahlsburg","37194","Hessen",37194
422875,"Wahlstedt","23812","Schleswig-Holstein",23812
310399,"Wahlstorf","24211","Schleswig-Holstein",24211
2831173,"Wahns","98634","Thüringen",98634
1246482,"Wahnwegen","66909","Rheinland-Pfalz",66909
1384907,"Wahrenholz","29399","Niedersachsen",29399
401697,"Waiblingen","71332","Baden-Württemberg",71332
401697,"Waiblingen","71334","Baden-Württemberg",71334
401697,"Waiblingen","71336","Baden-Württemberg",71336
453370,"Waibstadt","74915","Baden-Württemberg",74915
1059443,"Waidhaus","92726","Bayern",92726
943708,"Waidhofen","86579","Bayern",86579
533265,"Waigandshain","56477","Rheinland-Pfalz",56477
325518,"Waigolshausen","97534","Bayern",97534
2801102,"Wain","88489","Baden-Württemberg",88489
2801102,"Wain","89165","Baden-Württemberg",89165
1070987,"Waischenfeld","91344","Bayern",91344
422814,"Wakendorf I","23845","Schleswig-Holstein",23845
422677,"Wakendorf II","24558","Schleswig-Holstein",24558
1474192,"Walchum","26907","Niedersachsen",26907
448308,"Wald","87616","Bayern",87616
961328,"Wald","93192","Bayern",93192
2805978,"Wald","88639","Baden-Württemberg",88639
935843,"Waldachtal","72178","Baden-Württemberg",72178
1239642,"Waldalgesheim","55425","Rheinland-Pfalz",55425
379884,"Waldaschaff","63857","Bayern",63857
1244215,"Waldböckelheim","55596","Rheinland-Pfalz",55596
444277,"Waldbreitbach","56588","Rheinland-Pfalz",56588
173874,"Waldbröl","51545","Nordrhein-Westfalen",51545
308274,"Waldbronn","76337","Baden-Württemberg",76337
180684,"Waldbrunn","97295","Bayern",97295
324300,"Waldbrunn","65620","Hessen",65620
403738,"Waldbrunn","69429","Baden-Württemberg",69429
2808304,"Waldburg","88289","Baden-Württemberg",88289
180682,"Waldbüttelbrunn","97297","Bayern",97297
2778322,"Walddorfhäslach","72141","Baden-Württemberg",72141
199138,"Waldeck","34513","Hessen",34513
2778444,"Waldeck","07646","Thüringen",7646
413548,"Waldems","65529","Hessen",65529
856200,"Waldenbuch","71111","Baden-Württemberg",71111
377329,"Waldenburg","74638","Baden-Württemberg",74638
413531,"Waldenburg","08396","Sachsen",8396
961330,"Walderbach","93194","Bayern",93194
975282,"Waldershof","95679","Bayern",95679
544551,"Waldesch","56323","Rheinland-Pfalz",56323
158038,"Waldfeucht","52525","Nordrhein-Westfalen",52525
1251045,"Waldfischbach-Burgalben","67714","Rheinland-Pfalz",67714
1253881,"Waldgrehweiler","67822","Rheinland-Pfalz",67822
1252765,"Waldhambach","76857","Rheinland-Pfalz",76857
401845,"Waldheim","04736","Sachsen",4736
1171854,"Waldhof-Falkenstein","54673","Rheinland-Pfalz",54673
1316260,"Waldhufen","02906","Sachsen",2906
549422,"Waldkappel","37284","Hessen",37284
1112861,"Waldkirch","79183","Baden-Württemberg",79183
958971,"Waldkirchen","94065","Bayern",94065
941067,"Waldkraiburg","84478","Bayern",84478
1243982,"Waldlaubersheim","55444","Rheinland-Pfalz",55444
1248684,"Waldleiningen","67693","Rheinland-Pfalz",67693
537060,"Wald-Michelbach","69483","Hessen",69483
1246448,"Waldmohr","66914","Rheinland-Pfalz",66914
533266,"Waldmühlen","56479","Rheinland-Pfalz",56479
960511,"Waldmünchen","93449","Bayern",93449
1022831,"Waldorf","53498","Rheinland-Pfalz",53498
1256942,"Waldrach","54320","Rheinland-Pfalz",54320
1252772,"Waldrohrbach","76857","Rheinland-Pfalz",76857
968887,"Waldsassen","95652","Bayern",95652
422702,"Waldsee","67165","Rheinland-Pfalz",67165
2785737,"Waldshut-Tiengen","79761","Baden-Württemberg",79761
1332919,"Waldsieversdorf","15377","Brandenburg",15377
215985,"Waldsolms","35647","Hessen",35647
964468,"Waldstetten","89367","Bayern",89367
2792084,"Waldstetten","73550","Baden-Württemberg",73550
1059429,"Waldthurn","92727","Bayern",92727
1256082,"Waldweiler","54429","Rheinland-Pfalz",54429
1269717,"Walhausen","56865","Rheinland-Pfalz",56865
405306,"Walheim","74399","Baden-Württemberg",74399
2029541,"Walkendorf","17179","Mecklenburg-Vorpommern",17179
6683592,"Walkenried","37445","Niedersachsen",37445
6683592,"Walkenried","37447","Niedersachsen",37447
6683592,"Walkenried","37449","Niedersachsen",37449
935168,"Walkertshofen","86877","Bayern",86877
1465817,"Walksfelde","23896","Schleswig-Holstein",23896
2831177,"Wallbach","98639","Thüringen",98639
453404,"Walldorf","69190","Baden-Württemberg",69190
2831181,"Walldorf","98639","Thüringen",98639
403727,"Walldürn","63928","Baden-Württemberg",63928
403727,"Walldürn","74731","Baden-Württemberg",74731
964249,"Wallen","25788","Schleswig-Holstein",25788
1085818,"Wallenborn","54570","Rheinland-Pfalz",54570
1163510,"Wallendorf","54675","Rheinland-Pfalz",54675
1021750,"Wallenfels","96346","Bayern",96346
1823270,"Wallenhorst","49134","Niedersachsen",49134
1184569,"Wallerfangen","66798","Saarland",66798
959814,"Wallerfing","94574","Bayern",94574
959898,"Wallersdorf","94522","Bayern",94522
1108052,"Wallersheim","54597","Rheinland-Pfalz",54597
962603,"Wallerstein","86757","Bayern",86757
1248401,"Wallertheim","55578","Rheinland-Pfalz",55578
939344,"Wallgau","82499","Bayern",82499
1250988,"Wallhalben","66917","Rheinland-Pfalz",66917
388756,"Wallhausen","74599","Baden-Württemberg",74599
1244223,"Wallhausen","55595","Rheinland-Pfalz",55595
2397425,"Wallhausen","06528","Sachsen-Anhalt",6528
422313,"Wallmenroth","57584","Rheinland-Pfalz",57584
534490,"Wallmerod","56414","Rheinland-Pfalz",56414
1421443,"Wallmoden","38729","Niedersachsen",38729
1156035,"Wallsbüll","24980","Schleswig-Holstein",24980
1258876,"Wallscheid","54531","Rheinland-Pfalz",54531
1285572,"Wallstawe","29413","Sachsen-Anhalt",29413
941754,"Walluf","65396","Hessen",65396
1424397,"Walow","17209","Mecklenburg-Vorpommern",17209
2778447,"Walpernhain","07613","Thüringen",7613
934756,"Walpertskirchen","85469","Bayern",85469
2411250,"Walschleben","99189","Thüringen",99189
330894,"Walsdorf","54578","Rheinland-Pfalz",54578
1077532,"Walsdorf","96194","Bayern",96194
1252377,"Walshausen","66484","Rheinland-Pfalz",66484
1252553,"Walsheim","76833","Rheinland-Pfalz",76833
1302362,"Walsleben","16818","Brandenburg",16818
1808966,"Walsrode","29664","Niedersachsen",29664
1808966,"Walsrode","29693","Niedersachsen",29693
962703,"Waltenhausen","86480","Bayern",86480
957741,"Waltenhofen","87448","Bayern",87448
416408,"Walterschen","57632","Rheinland-Pfalz",57632
2778449,"Waltersdorf","07646","Thüringen",7646
2801707,"Waltershausen","99880","Thüringen",99880
943555,"Walting","85137","Bayern",85137
63510,"Waltrop","45731","Nordrhein-Westfalen",45731
156058,"Walzbachtal","75045","Baden-Württemberg",75045
1156126,"Wanderup","24997","Schleswig-Holstein",24997
1335915,"Wandlitz","16348","Brandenburg",16348
549420,"Wanfried","37281","Hessen",37281
29829,"Wang","85368","Bayern",85368
1467718,"Wangelau","21483","Schleswig-Holstein",21483
2014101,"Wangelnstedt","37627","Niedersachsen",37627
382425,"Wangels","23758","Schleswig-Holstein",23758
2825846,"Wangen","73117","Baden-Württemberg",73117
2818249,"Wangenheim","99869","Thüringen",99869
2808305,"Wangen im Allgäu","88239","Baden-Württemberg",88239
1187768,"Wangerland","26434","Niedersachsen",26434
1187506,"Wangerooge","26486","Niedersachsen",26486
310415,"Wankendorf","24601","Schleswig-Holstein",24601
1180093,"Wanna","21776","Niedersachsen",21776
2772827,"Wannweil","72827","Baden-Württemberg",72827
1286627,"Wanzleben-Börde","39164","Sachsen-Anhalt",39164
556096,"Wapelfeld","24594","Schleswig-Holstein",24594
1446637,"Warberg","38378","Niedersachsen",38378
1891491,"Warburg","34414","Nordrhein-Westfalen",34414
1185589,"Wardenburg","26203","Niedersachsen",26203
548548,"Warder","24646","Schleswig-Holstein",24646
1971867,"Wardow","18299","Mecklenburg-Vorpommern",18299
152291,"Warendorf","48231","Nordrhein-Westfalen",48231
1424311,"Waren (Müritz)","17192","Mecklenburg-Vorpommern",17192
1444892,"Warin","19417","Mecklenburg-Vorpommern",19417
1451538,"Warlitz","19230","Mecklenburg-Vorpommern",19230
1451591,"Warlow","19288","Mecklenburg-Vorpommern",19288
1071008,"Warmensteinach","95485","Bayern",95485
1183270,"Warmsen","31606","Niedersachsen",31606
1243989,"Warmsroth","55442","Rheinland-Pfalz",55442
310396,"Warnau","24250","Schleswig-Holstein",24250
935947,"Warngau","83627","Bayern",83627
2027765,"Warnkenhagen","17168","Mecklenburg-Vorpommern",17168
1479871,"Warnow","23936","Mecklenburg-Vorpommern",23936
1479871,"Warnow","23948","Mecklenburg-Vorpommern",23948
1963384,"Warnow","18249","Mecklenburg-Vorpommern",18249
1183249,"Warpe","27333","Niedersachsen",27333
1427220,"Warrenzin","17111","Mecklenburg-Vorpommern",17111
448771,"Warringholz","25560","Schleswig-Holstein",25560
1451506,"Warsow","19075","Mecklenburg-Vorpommern",19075
153401,"Warstein","59581","Nordrhein-Westfalen",59581
418334,"Wartenberg","36367","Hessen",36367
934742,"Wartenberg","85456","Bayern",85456
1254708,"Wartenberg-Rohrbach","67681","Rheinland-Pfalz",67681
2801353,"Warthausen","88447","Baden-Württemberg",88447
384268,"Wartmannsroth","97797","Bayern",97797
445788,"Warwerort","25761","Schleswig-Holstein",25761
2818250,"Warza","99869","Thüringen",99869
957877,"Wasbek","24647","Schleswig-Holstein",24647
1357688,"Wasbüttel","38553","Niedersachsen",38553
2825743,"Wäschenbeuren","73116","Baden-Württemberg",73116
2825743,"Wäschenbeuren","73547","Baden-Württemberg",73547
537206,"Wasenbach","56370","Rheinland-Pfalz",56370
1050564,"Wassenach","56653","Rheinland-Pfalz",56653
158023,"Wassenberg","41849","Nordrhein-Westfalen",41849
2186945,"Wasserburg am Inn","83512","Bayern",83512
812181,"Wasserburg (Bodensee)","88142","Bayern",88142
1255965,"Wasserliesch","54332","Rheinland-Pfalz",54332
318735,"Wasserlosen","97535","Bayern",97535
2388888,"Wasserthaleben","99718","Thüringen",99718
534397,"Wassertrüdingen","91717","Bayern",91717
2820020,"Wasungen","98634","Thüringen",98634
1796302,"Wathlingen","29339","Niedersachsen",29339
553512,"Wattenbek","24582","Schleswig-Holstein",24582
1077542,"Wattendorf","96196","Bayern",96196
1249751,"Wattenheim","67319","Rheinland-Pfalz",67319
1108038,"Watzerath","54595","Rheinland-Pfalz",54595
1108063,"Wawern","54612","Rheinland-Pfalz",54612
1255972,"Wawern","54441","Rheinland-Pfalz",54441
1113738,"Waxweiler","54649","Rheinland-Pfalz",54649
2900112,"Weberstedt","99947","Thüringen",99947
962645,"Wechingen","86759","Bayern",86759
413430,"Wechselburg","09306","Sachsen",9306
423185,"Weddelbrook","24576","Schleswig-Holstein",24576
413440,"Weddingstedt","25795","Schleswig-Holstein",25795
3370039,"Wedel","22880","Schleswig-Holstein",22880
1177823,"Wedemark","30900","Niedersachsen",30900
1746116,"Wedendorfersee","19217","Mecklenburg-Vorpommern",19217
442914,"Weede","23795","Schleswig-Holstein",23795
1255862,"Weener","26826","Niedersachsen",26826
1149283,"Wees","24999","Schleswig-Holstein",24999
1156026,"Weesby","24994","Schleswig-Holstein",24994
167976,"Weeze","47652","Nordrhein-Westfalen",47652
1286628,"Wefensleben","39365","Sachsen-Anhalt",39365
51167,"Wegberg","41844","Nordrhein-Westfalen",41844
1332260,"Wegeleben","38828","Sachsen-Anhalt",38828
958088,"Wegscheid","94110","Bayern",94110
1231984,"Wehingen","78564","Baden-Württemberg",78564
2393864,"Wehnde","37339","Thüringen",37339
1050579,"Wehr","56653","Rheinland-Pfalz",56653
2787781,"Wehr","79664","Baden-Württemberg",79664
1675315,"Wehrbleck","27259","Niedersachsen",27259
1675315,"Wehrbleck","49453","Niedersachsen",49453
549423,"Wehretal","37287","Hessen",37287
418436,"Wehrheim","61273","Hessen",61273
935166,"Wehringen","86517","Bayern",86517
1050563,"Weibern","56745","Rheinland-Pfalz",56745
387542,"Weibersbrunn","63879","Bayern",63879
943709,"Weichering","86706","Bayern",86706
934477,"Weichs","85258","Bayern",85258
2779977,"Weida","07570","Thüringen",7570
1245137,"Weiden","55758","Rheinland-Pfalz",55758
534390,"Weidenbach","91746","Bayern",91746
540473,"Weidenbach","56355","Rheinland-Pfalz",56355
1085800,"Weidenbach","54570","Rheinland-Pfalz",54570
1071006,"Weidenberg","95466","Bayern",95466
533598,"Weidenhahn","56244","Rheinland-Pfalz",56244
62554,"Weiden in der Oberpfalz","92637","Bayern",92637
2789609,"Weidenstetten","89197","Baden-Württemberg",89197
1249987,"Weidenthal","67475","Rheinland-Pfalz",67475
956870,"Weidhausen b.Coburg","96279","Bayern",96279
960530,"Weiding","93495","Bayern",93495
961859,"Weiding","92557","Bayern",92557
1171888,"Weidingen","54636","Rheinland-Pfalz",54636
1028550,"Weigendorf","91249","Bayern",91249
356752,"Weigenheim","97215","Bayern",97215
534275,"Weihenzell","91629","Bayern",91629
1059440,"Weiherhammer","92700","Bayern",92700
1059440,"Weiherhammer","92729","Bayern",92729
190747,"Weihmichl","84107","Bayern",84107
402689,"Weikersheim","97990","Baden-Württemberg",97990
933850,"Weil","86947","Bayern",86947
2787969,"Weil am Rhein","79576","Baden-Württemberg",79576
2899768,"Weilar","36457","Thüringen",36457
393499,"Weilbach","63937","Bayern",63937
324303,"Weilburg","35781","Hessen",35781
722152,"Weil der Stadt","71263","Baden-Württemberg",71263
2781623,"Weilen unter den Rinnen","72367","Baden-Württemberg",72367
548058,"Weiler","56729","Rheinland-Pfalz",56729
1269804,"Weiler","56825","Rheinland-Pfalz",56825
1253792,"Weilerbach","67685","Rheinland-Pfalz",67685
1239624,"Weiler bei Bingen","55413","Rheinland-Pfalz",55413
1244166,"Weiler bei Monzingen","55627","Rheinland-Pfalz",55627
1080487,"Weilersbach","91365","Bayern",91365
959854,"Weiler-Simmerberg","88171","Bayern",88171
158134,"Weilerswist","53919","Nordrhein-Westfalen",53919
1240403,"Weilheim","79809","Baden-Württemberg",79809
2795195,"Weilheim an der Teck","73235","Baden-Württemberg",73235
936925,"Weilheim in Oberbayern","82362","Bayern",82362
722148,"Weil im Schönbuch","71093","Baden-Württemberg",71093
324310,"Weilmünster","35789","Hessen",35789
418383,"Weilrod","61276","Hessen",61276
534180,"Weiltingen","91744","Bayern",91744
62493,"Weimar","99423","Thüringen",99423
62493,"Weimar","99425","Thüringen",99425
62493,"Weimar","99427","Thüringen",99427
62493,"Weimar","99428","Thüringen",99428
225493,"Weimar (Lahn)","35096","Hessen",35096
540050,"Weinähr","56379","Rheinland-Pfalz",56379
324309,"Weinbach","35796","Hessen",35796
2902524,"Weinbergen","99998","Thüringen",99998
546772,"Weinböhla","01689","Sachsen",1689
659819,"Weingarten","76356","Baden-Württemberg",76356
2808306,"Weingarten","88250","Baden-Württemberg",88250
1250341,"Weingarten (Pfalz)","67366","Rheinland-Pfalz",67366
454175,"Weinheim","69469","Baden-Württemberg",69469
1245841,"Weinolsheim","55278","Rheinland-Pfalz",55278
410473,"Weinsberg","74189","Baden-Württemberg",74189
1108043,"Weinsheim","54595","Rheinland-Pfalz",54595
1244229,"Weinsheim","55595","Rheinland-Pfalz",55595
401694,"Weinstadt","71384","Baden-Württemberg",71384
2179227,"Weira","07806","Thüringen",7806
6906105,"Weischlitz","08538","Sachsen",8538
539915,"Weisel","56348","Rheinland-Pfalz",56348
1289789,"Weisen","19322","Brandenburg",19322
907246,"Weisenbach","76599","Baden-Württemberg",76599
1016533,"Weisendorf","91085","Bayern",91085
1249954,"Weisenheim am Berg","67273","Rheinland-Pfalz",67273
1249955,"Weisenheim am Sand","67256","Rheinland-Pfalz",67256
1184403,"Weiskirchen","66709","Saarland",66709
1026863,"Weismain","96260","Bayern",96260
722149,"Weissach","71287","Baden-Württemberg",71287
400936,"Weissach im Tal","71554","Baden-Württemberg",71554
376923,"Weißbach","74679","Baden-Württemberg",74679
2778452,"Weißbach","07646","Thüringen",7646
1021698,"Weißdorf","95237","Bayern",95237
1309659,"Weißenberg","02627","Sachsen",2627
549425,"Weißenborn","37299","Hessen",37299
2778453,"Weißenborn","07639","Thüringen",7639
416500,"Weißenborn/Erzgebirge","09600","Sachsen",9600
1021744,"Weißenbrunn","96369","Bayern",96369
1015141,"Weißenburg i. Bay.","91781","Bayern",91781
2779191,"Weißendorf","07950","Thüringen",7950
2405268,"Weißenfels","06667","Sachsen-Anhalt",6667
2405268,"Weißenfels","06688","Sachsen-Anhalt",6688
941081,"Weißenhorn","89264","Bayern",89264
1080482,"Weißenohe","91367","Bayern",91367
812179,"Weißensberg","88138","Bayern",88138
2410105,"Weißensee","99631","Thüringen",99631
1022880,"Weißenstadt","95163","Bayern",95163
548982,"Weißenthurm","56575","Rheinland-Pfalz",56575
1311128,"Weißkeißel","02957","Sachsen",2957
1310639,"Weißwasser/O.L.","02943","Sachsen",2943
1124265,"Weisweil","79367","Baden-Württemberg",79367
421957,"Weitefeld","57586","Rheinland-Pfalz",57586
449950,"Weitendorf","19412","Mecklenburg-Vorpommern",19412
374160,"Weitenhagen","18461","Mecklenburg-Vorpommern",18461
949142,"Weitenhagen","17498","Mecklenburg-Vorpommern",17498
1245093,"Weitersbach","55624","Rheinland-Pfalz",55624
1244118,"Weitersborn","55629","Rheinland-Pfalz",55629
547365,"Weitersburg","56191","Rheinland-Pfalz",56191
452419,"Weiterstadt","64331","Hessen",64331
1254393,"Weitersweiler","67808","Rheinland-Pfalz",67808
957827,"Weitnau","87480","Bayern",87480
956862,"Weitramsdorf","96479","Bayern",96479
1075159,"Welcherath","53539","Rheinland-Pfalz",53539
1246618,"Welchweiler","66887","Rheinland-Pfalz",66887
445262,"Welden","86465","Bayern",86465
1245783,"Welgesheim","55576","Rheinland-Pfalz",55576
453180,"Welkenbach","57644","Rheinland-Pfalz",57644
337711,"Welle","21261","Niedersachsen",21261
1255966,"Wellen","54441","Rheinland-Pfalz",54441
943755,"Wellendingen","78669","Baden-Württemberg",78669
943534,"Wellheim","91809","Bayern",91809
543134,"Welling","56753","Rheinland-Pfalz",56753
964208,"Welmbüttel","25782","Schleswig-Holstein",25782
1260069,"Welschbillig","54298","Rheinland-Pfalz",54298
548059,"Welschenbach","56729","Rheinland-Pfalz",56729
453853,"Welschneudorf","56412","Rheinland-Pfalz",56412
1107767,"Welt","25836","Schleswig-Holstein",25836
540474,"Welterod","56357","Rheinland-Pfalz",56357
535021,"Weltersburg","56459","Rheinland-Pfalz",56459
153517,"Welver","59514","Nordrhein-Westfalen",59514
401624,"Welzheim","73553","Baden-Württemberg",73553
401624,"Welzheim","73635","Baden-Württemberg",73635
401624,"Welzheim","73642","Baden-Württemberg",73642
401624,"Welzheim","73667","Baden-Württemberg",73667
1322548,"Welzow","03119","Brandenburg",3119
1244182,"Wembach","79677","Baden-Württemberg",79677
962647,"Wemding","86650","Bayern",86650
1182559,"Wendeburg","38176","Niedersachsen",38176
1248629,"Wendelsheim","55234","Rheinland-Pfalz",55234
64627,"Wendelstein","90530","Bayern",90530
160880,"Wenden","57482","Nordrhein-Westfalen",57482
372867,"Wendisch Baggendorf","18513","Mecklenburg-Vorpommern",18513
1387429,"Wendisch Evern","21403","Niedersachsen",21403
1384800,"Wendisch Rietz","15864","Brandenburg",15864
2793013,"Wendlingen am Neckar","73240","Baden-Württemberg",73240
372313,"Wendorf","18442","Mecklenburg-Vorpommern",18442
288257,"Wendtorf","24235","Schleswig-Holstein",24235
179050,"Weng","84187","Bayern",84187
443103,"Wennbüttel","25767","Schleswig-Holstein",25767
2012665,"Wennigsen (Deister)","30974","Niedersachsen",30974
1141531,"Wenningstedt-Braderup (Sylt)","25996","Schleswig-Holstein",25996
442930,"Wensin","23827","Schleswig-Holstein",23827
1464775,"Wentorf","23898","Schleswig-Holstein",23898
324756,"Wentorf bei Hamburg","21465","Schleswig-Holstein",21465
964618,"Wenzenbach","93173","Bayern",93173
280558,"Wenzendorf","21279","Niedersachsen",21279
962587,"Wenzlow","14778","Brandenburg",14778
401805,"Werbach","97956","Baden-Württemberg",97956
1322841,"Werben","03096","Brandenburg",3096
1284753,"Werben (Elbe)","39539","Sachsen-Anhalt",39539
1284753,"Werben (Elbe)","39615","Sachsen-Anhalt",39615
444283,"Werda","08223","Sachsen",8223
417076,"Werdau","08412","Sachsen",8412
449901,"Werder","19386","Mecklenburg-Vorpommern",19386
1427892,"Werder","17089","Mecklenburg-Vorpommern",17089
531654,"Werder (Havel)","14542","Brandenburg",14542
168545,"Werdohl","58791","Nordrhein-Westfalen",58791
2012459,"Werdum","26427","Niedersachsen",26427
418143,"Werkhausen","57635","Rheinland-Pfalz",57635
153508,"Werl","59457","Nordrhein-Westfalen",59457
1749929,"Werlte","49757","Niedersachsen",49757
148789,"Wermelskirchen","42929","Nordrhein-Westfalen",42929
535245,"Wermsdorf","04779","Sachsen",4779
2792766,"Wernau (Neckar)","73249","Baden-Württemberg",73249
962204,"Wernberg-Köblitz","92533","Bayern",92533
2179228,"Wernburg","07381","Thüringen",7381
158456,"Werne","59368","Nordrhein-Westfalen",59368
318733,"Werneck","97440","Bayern",97440
1252766,"Wernersberg","76857","Rheinland-Pfalz",76857
1318353,"Werneuchen","16356","Brandenburg",16356
1352965,"Wernigerode","38855","Sachsen-Anhalt",38855
1352965,"Wernigerode","38875","Sachsen-Anhalt",38875
1352965,"Wernigerode","38879","Sachsen-Anhalt",38879
2411251,"Werningshausen","99634","Thüringen",99634
534491,"Weroth","56414","Rheinland-Pfalz",56414
2007860,"Werpeloh","49751","Niedersachsen",49751
1060408,"Wershofen","53520","Rheinland-Pfalz",53520
958081,"Wertach","87497","Bayern",87497
401778,"Wertheim","97877","Baden-Württemberg",97877
138697,"Werther","33824","Nordrhein-Westfalen",33824
2400553,"Werther","99735","Thüringen",99735
956952,"Wertingen","86637","Bayern",86637
58590,"Wesel","46483","Nordrhein-Westfalen",46483
58590,"Wesel","46485","Nordrhein-Westfalen",46485
58590,"Wesel","46487","Nordrhein-Westfalen",46487
1250990,"Weselberg","66919","Rheinland-Pfalz",66919
532318,"Wesenberg","23858","Schleswig-Holstein",23858
1419649,"Wesenberg","17255","Mecklenburg-Vorpommern",17255
1384589,"Wesendorf","29392","Niedersachsen",29392
447966,"Wesselburen","25764","Schleswig-Holstein",25764
447164,"Wesselburener Deichhausen","25764","Schleswig-Holstein",25764
447965,"Wesselburenerkoog","25764","Schleswig-Holstein",25764
168448,"Wesseling","50389","Nordrhein-Westfalen",50389
413110,"Wesseln","25746","Schleswig-Holstein",25746
936656,"Weßling","82234","Bayern",82234
936793,"Wessobrunn","82405","Bayern",82405
1460255,"Weste","29599","Niedersachsen",29599
445847,"Westendorf","86707","Bayern",86707
447637,"Westendorf","87679","Bayern",87679
548504,"Westensee","24259","Schleswig-Holstein",24259
532323,"Westerau","23847","Schleswig-Holstein",23847
964215,"Westerborstel","25782","Schleswig-Holstein",25782
535022,"Westerburg","56457","Rheinland-Pfalz",56457
447163,"Westerdeichstrich","25761","Schleswig-Holstein",25761
1643401,"Westergellersen","21394","Niedersachsen",21394
958246,"Westerheim","87784","Bayern",87784
2782603,"Westerheim","72589","Baden-Württemberg",72589
1395346,"Westerhever","25881","Schleswig-Holstein",25881
2012369,"Westerholt","26556","Niedersachsen",26556
1149274,"Westerholz","24977","Schleswig-Holstein",24977
444182,"Westerhorn","25364","Schleswig-Holstein",25364
155572,"Westerkappeln","49492","Nordrhein-Westfalen",49492
450522,"Westermoor","25597","Schleswig-Holstein",25597
533992,"Westerngrund","63825","Bayern",63825
533267,"Westernohe","56479","Rheinland-Pfalz",56479
1406818,"Wester-Ohrstedt","25885","Schleswig-Holstein",25885
450589,"Westerrade","23815","Schleswig-Holstein",23815
548577,"Westerrönfeld","24784","Schleswig-Holstein",24784
1187357,"Westerstede","26655","Niedersachsen",26655
2788339,"Westerstetten","89198","Baden-Württemberg",89198
965593,"Westertimke","27412","Niedersachsen",27412
965601,"Westerwalsede","27386","Niedersachsen",27386
2388862,"Westgreußen","99718","Thüringen",99718
915552,"Westhausen","73463","Baden-Württemberg",73463
1270325,"Westhausen","98663","Thüringen",98663
2818251,"Westhausen","99869","Thüringen",99869
1286671,"Westheide","39343","Sachsen-Anhalt",39343
1286671,"Westheide","39345","Sachsen-Anhalt",39345
1015122,"Westheim","91747","Bayern",91747
1250340,"Westheim","67368","Rheinland-Pfalz",67368
1248781,"Westhofen","67593","Rheinland-Pfalz",67593
1470259,"Westoverledingen","26810","Niedersachsen",26810
1418486,"Westre","25926","Schleswig-Holstein",25926
2403988,"Wethau","06618","Sachsen-Anhalt",6618
1588115,"Wetschen","49453","Niedersachsen",49453
418608,"Wettenberg","35435","Hessen",35435
225482,"Wetter","35083","Hessen",35083
162832,"Wetter (Ruhr)","58300","Nordrhein-Westfalen",58300
2404218,"Wetterzeube","06722","Sachsen-Anhalt",6722
2407134,"Wettin-Löbejün","06193","Sachsen-Anhalt",6193
1152703,"Wettlingen","54646","Rheinland-Pfalz",54646
155793,"Wettringen","48493","Nordrhein-Westfalen",48493
534087,"Wettringen","91631","Bayern",91631
2006837,"Wettrup","49838","Niedersachsen",49838
943543,"Wettstetten","85139","Bayern",85139
215978,"Wetzlar","35576","Hessen",35576
215978,"Wetzlar","35578","Hessen",35578
215978,"Wetzlar","35579","Hessen",35579
215978,"Wetzlar","35580","Hessen",35580
215978,"Wetzlar","35581","Hessen",35581
215978,"Wetzlar","35582","Hessen",35582
215978,"Wetzlar","35583","Hessen",35583
215978,"Wetzlar","35584","Hessen",35584
215978,"Wetzlar","35585","Hessen",35585
215978,"Wetzlar","35586","Hessen",35586
447770,"Wewelsfleth","25599","Schleswig-Holstein",25599
935949,"Weyarn","83629","Bayern",83629
539906,"Weyer","56357","Rheinland-Pfalz",56357
418878,"Weyerbusch","57635","Rheinland-Pfalz",57635
1355712,"Weyhausen","38554","Niedersachsen",38554
20101,"Weyhe","28844","Niedersachsen",28844
1252490,"Weyher in der Pfalz","76835","Rheinland-Pfalz",76835
2778456,"Wichmar","07774","Thüringen",7774
153510,"Wickede (Ruhr)","58739","Nordrhein-Westfalen",58739
1245112,"Wickenrodt","55758","Rheinland-Pfalz",55758
409706,"Widdern","74259","Baden-Württemberg",74259
1190010,"Wiebelsheim","56291","Rheinland-Pfalz",56291
374259,"Wieck a. Darß","18375","Mecklenburg-Vorpommern",18375
453181,"Wied","57629","Rheinland-Pfalz",57629
444739,"Wiedemar","04509","Sachsen",4509
1130290,"Wieden","79695","Baden-Württemberg",79695
450070,"Wiedenborstel","24613","Schleswig-Holstein",24613
1169412,"Wiedensahl","31719","Niedersachsen",31719
958164,"Wiedergeltingen","86879","Bayern",86879
1186800,"Wiefelstede","26215","Niedersachsen",26215
2857022,"Wiegendorf","99510","Thüringen",99510
2346038,"Wiehe","06571","Thüringen",6571
173875,"Wiehl","51674","Nordrhein-Westfalen",51674
1437947,"Wiek","18556","Mecklenburg-Vorpommern",18556
2012575,"Wielen","49847","Niedersachsen",49847
936877,"Wielenbach","82407","Bayern",82407
423222,"Wiemersdorf","24649","Schleswig-Holstein",24649
952358,"Wiemerstedt","25779","Schleswig-Holstein",25779
1964353,"Wiendorf","18258","Mecklenburg-Vorpommern",18258
1797624,"Wienhausen","29342","Niedersachsen",29342
308392,"Wiernsheim","75446","Baden-Württemberg",75446
543135,"Wierschem","56294","Rheinland-Pfalz",56294
1152665,"Wiersdorf","54636","Rheinland-Pfalz",54636
158758,"Wiershop","21502","Schleswig-Holstein",21502
968891,"Wiesau","95676","Bayern",95676
1250675,"Wiesbach","66894","Rheinland-Pfalz",66894
62496,"Wiesbaden","55246","Hessen",55246
62496,"Wiesbaden","55252","Hessen",55252
62496,"Wiesbaden","65183","Hessen",65183
62496,"Wiesbaden","65185","Hessen",65185
62496,"Wiesbaden","65187","Hessen",65187
62496,"Wiesbaden","65189","Hessen",65189
62496,"Wiesbaden","65191","Hessen",65191
62496,"Wiesbaden","65193","Hessen",65193
62496,"Wiesbaden","65195","Hessen",65195
62496,"Wiesbaden","65197","Hessen",65197
62496,"Wiesbaden","65199","Hessen",65199
62496,"Wiesbaden","65201","Hessen",65201
62496,"Wiesbaden","65203","Hessen",65203
62496,"Wiesbaden","65205","Hessen",65205
62496,"Wiesbaden","65207","Hessen",65207
331081,"Wiesbaum","54578","Rheinland-Pfalz",54578
1060405,"Wiesemscheid","53534","Rheinland-Pfalz",53534
386877,"Wiesen","63831","Bayern",63831
1384805,"Wiesenau","15295","Brandenburg",15295
1342379,"Wiesenaue","14662","Brandenburg",14662
453392,"Wiesenbach","69257","Baden-Württemberg",69257
964150,"Wiesenbach","86519","Bayern",86519
283689,"Wiesenbronn","97355","Bayern",97355
556296,"Wiesenburg/Mark","14827","Brandenburg",14827
2813370,"Wiesenfeld","37308","Thüringen",37308
959662,"Wiesenfelden","94344","Bayern",94344
1322601,"Wiesengrund","03149","Brandenburg",3149
2782604,"Wiesensteig","73349","Baden-Württemberg",73349
966629,"Wiesent","93109","Bayern",93109
2889829,"Wiesenthal","36466","Thüringen",36466
1080472,"Wiesenthau","91369","Bayern",91369
283694,"Wiesentheid","97353","Bayern",97353
1080445,"Wiesenttal","91346","Bayern",91346
534184,"Wieseth","91632","Bayern",91632
453399,"Wiesloch","69168","Baden-Württemberg",69168
898631,"Wiesmoor","26639","Niedersachsen",26639
349417,"Wiesthal","97859","Bayern",97859
1246781,"Wiesweiler","67744","Rheinland-Pfalz",67744
1853269,"Wietmarschen","49835","Niedersachsen",49835
1799278,"Wietze","29323","Niedersachsen",29323
1183268,"Wietzen","31613","Niedersachsen",31613
1809017,"Wietzendorf","29649","Niedersachsen",29649
957775,"Wiggensbach","87487","Bayern",87487
534179,"Wilburgstetten","91634","Bayern",91634
55776,"Wildau","15745","Brandenburg",15745
1181675,"Wildberg","72218","Baden-Württemberg",72218
1427901,"Wildberg","17091","Mecklenburg-Vorpommern",17091
238967,"Wildeck","36208","Hessen",36208
956661,"Wildenberg","93359","Bayern",93359
2778493,"Wildenbörten","04626","Thüringen",4626
417708,"Wildenfels","08134","Sachsen",8134
1263908,"Wildenspring","98701","Thüringen",98701
1187315,"Wildeshausen","27793","Niedersachsen",27793
384319,"Wildflecken","97772","Bayern",97772
957703,"Wildpoldsried","87499","Bayern",87499
936782,"Wildsteig","82409","Bayern",82409
1251075,"Wilgartswiesen","76848","Rheinland-Pfalz",76848
1410791,"Wilhelmsburg","17379","Mecklenburg-Vorpommern",17379
357026,"Wilhelmsdorf","91489","Bayern",91489
2179229,"Wilhelmsdorf","07389","Thüringen",7389
2808136,"Wilhelmsdorf","88271","Baden-Württemberg",88271
454181,"Wilhelmsfeld","69259","Baden-Württemberg",69259
62444,"Wilhelmshaven","26382","Niedersachsen",26382
62444,"Wilhelmshaven","26384","Niedersachsen",26384
62444,"Wilhelmshaven","26386","Niedersachsen",26386
62444,"Wilhelmshaven","26388","Niedersachsen",26388
62444,"Wilhelmshaven","26389","Niedersachsen",26389
1021751,"Wilhelmsthal","96352","Bayern",96352
1016403,"Wilhermsdorf","91452","Bayern",91452
417709,"Wilkau-Haßlau","08112","Sachsen",8112
282344,"Willanzheim","97348","Bayern",97348
148590,"Willebadessen","34439","Nordrhein-Westfalen",34439
450071,"Willenscharen","24616","Schleswig-Holstein",24616
88547,"Willich","47877","Nordrhein-Westfalen",47877
533268,"Willingen","56479","Rheinland-Pfalz",56479
198593,"Willingen (Upland)","34508","Hessen",34508
452219,"Willingshausen","34628","Hessen",34628
386918,"Willmars","97647","Bayern",97647
535023,"Willmenrod","56459","Rheinland-Pfalz",56459
960531,"Willmering","93497","Bayern",93497
415005,"Willroth","56594","Rheinland-Pfalz",56594
452980,"Willstätt","77731","Baden-Württemberg",77731
1258633,"Willwerscheid","54533","Rheinland-Pfalz",54533
163259,"Wilnsdorf","57234","Nordrhein-Westfalen",57234
455469,"Wilsdruff","01723","Sachsen",1723
455469,"Wilsdruff","01737","Sachsen",1737
1140566,"Wilsecker","54655","Rheinland-Pfalz",54655
965604,"Wilstedt","27412","Niedersachsen",27412
448020,"Wilster","25554","Schleswig-Holstein",25554
1818115,"Wilsum","49849","Niedersachsen",49849
1309672,"Wilthen","02681","Sachsen",2681
1255971,"Wiltingen","54459","Rheinland-Pfalz",54459
1244316,"Wilzenberg-Hußweiler","55767","Rheinland-Pfalz",55767
1060430,"Wimbach","53518","Rheinland-Pfalz",53518
2409463,"Wimmelburg","06313","Sachsen-Anhalt",6313
307899,"Wimsheim","71299","Baden-Württemberg",71299
1256030,"Wincheringen","54457","Rheinland-Pfalz",54457
933972,"Windach","86949","Bayern",86949
959668,"Windberg","94336","Bayern",94336
418222,"Windbergen","25729","Schleswig-Holstein",25729
552388,"Windeby","24340","Schleswig-Holstein",24340
173115,"Windeck","51570","Nordrhein-Westfalen",51570
534081,"Windelsbach","91635","Bayern",91635
540053,"Winden","56379","Rheinland-Pfalz",56379
1250497,"Winden","76872","Rheinland-Pfalz",76872
1112864,"Winden im Elztal","79297","Baden-Württemberg",79297
1244003,"Windesheim","55452","Rheinland-Pfalz",55452
443471,"Windhagen","53578","Rheinland-Pfalz",53578
1059445,"Windischeschenbach","92670","Bayern",92670
2676109,"Windischleuba","04603","Thüringen",4603
958101,"Windorf","94575","Bayern",94575
534386,"Windsbach","91575","Bayern",91575
2813813,"Wingerode","37327","Thüringen",37327
1180887,"Wingst","21789","Niedersachsen",21789
942012,"Winhöring","84543","Bayern",84543
453182,"Winkelbach","57644","Rheinland-Pfalz",57644
1085817,"Winkel (Eifel)","54558","Rheinland-Pfalz",54558
966151,"Winkelhaid","90610","Bayern",90610
2012324,"Winkelsett","27243","Niedersachsen",27243
961854,"Winklarn","92559","Bayern",92559
554521,"Winnemark","24398","Schleswig-Holstein",24398
535024,"Winnen","56459","Rheinland-Pfalz",56459
401699,"Winnenden","71364","Baden-Württemberg",71364
1060432,"Winnerath","53520","Rheinland-Pfalz",53520
1404153,"Winnert","25887","Schleswig-Holstein",25887
1432658,"Winnigstedt","38170","Niedersachsen",38170
546654,"Winningen","56333","Rheinland-Pfalz",56333
1254726,"Winnweiler","67722","Rheinland-Pfalz",67722
1108068,"Winringen","54614","Rheinland-Pfalz",54614
450227,"Winseldorf","25551","Schleswig-Holstein",25551
430471,"Winsen","24568","Schleswig-Holstein",24568
1799279,"Winsen (Aller)","29229","Niedersachsen",29229
1799279,"Winsen (Aller)","29308","Niedersachsen",29308
252882,"Winsen (Luhe)","21423","Niedersachsen",21423
401644,"Winterbach","73650","Baden-Württemberg",73650
964237,"Winterbach","89368","Bayern",89368
1244220,"Winterbach","55595","Rheinland-Pfalz",55595
1250996,"Winterbach (Pfalz)","66484","Rheinland-Pfalz",66484
157414,"Winterberg","59955","Nordrhein-Westfalen",59955
1253876,"Winterborn","67822","Rheinland-Pfalz",67822
1244169,"Winterburg","55595","Rheinland-Pfalz",55595
163058,"Winterhausen","97286","Bayern",97286
2779378,"Winterlingen","72474","Baden-Württemberg",72474
958623,"Winterrieden","87785","Bayern",87785
1108049,"Winterscheid","54608","Rheinland-Pfalz",54608
1239620,"Wintersheim","67587","Rheinland-Pfalz",67587
1108074,"Winterspelt","54616","Rheinland-Pfalz",54616
540475,"Winterwerb","56355","Rheinland-Pfalz",56355
1258374,"Wintrich","54487","Rheinland-Pfalz",54487
959808,"Winzer","94577","Bayern",94577
318226,"Wipfeld","97537","Bayern",97537
165452,"Wipfratal","99310","Thüringen",99310
2400520,"Wipperdorf","99752","Thüringen",99752
173849,"Wipperfürth","51688","Nordrhein-Westfalen",51688
2007908,"Wippingen","26892","Niedersachsen",26892
898637,"Wirdum","26529","Niedersachsen",26529
1060413,"Wirft","53534","Rheinland-Pfalz",53534
1259303,"Wirfus","56814","Rheinland-Pfalz",56814
92453,"Wirges","56422","Rheinland-Pfalz",56422
1022778,"Wirsberg","95339","Bayern",95339
532377,"Wirscheid","56237","Rheinland-Pfalz",56237
1245135,"Wirschweiler","55758","Rheinland-Pfalz",55758
289094,"Wisch","24217","Schleswig-Holstein",24217
1405168,"Wisch","25876","Schleswig-Holstein",25876
446464,"Wischhafen","21737","Niedersachsen",21737
62599,"Wismar","23966","Mecklenburg-Vorpommern",23966
62599,"Wismar","23968","Mecklenburg-Vorpommern",23968
62599,"Wismar","23970","Mecklenburg-Vorpommern",23970
421224,"Wissen","57537","Rheinland-Pfalz",57537
1152696,"Wißmannsdorf","54636","Rheinland-Pfalz",54636
337740,"Wistedt","21255","Niedersachsen",21255
1428598,"Witsum","25938","Schleswig-Holstein",25938
1404155,"Wittbek","25872","Schleswig-Holstein",25872
1428585,"Wittdün auf Amrum","25946","Schleswig-Holstein",25946
534181,"Wittelshofen","91749","Bayern",91749
162826,"Witten","58452","Nordrhein-Westfalen",58452
162826,"Witten","58453","Nordrhein-Westfalen",58453
162826,"Witten","58454","Nordrhein-Westfalen",58454
162826,"Witten","58455","Nordrhein-Westfalen",58455
162826,"Witten","58456","Nordrhein-Westfalen",58456
394349,"Wittenbeck","18209","Mecklenburg-Vorpommern",18209
1289786,"Wittenberge","19322","Brandenburg",19322
450513,"Wittenbergen","25548","Schleswig-Holstein",25548
422845,"Wittenborn","23829","Schleswig-Holstein",23829
1451528,"Wittenburg","19243","Mecklenburg-Vorpommern",19243
1451500,"Wittendörp","19243","Mecklenburg-Vorpommern",19243
1451548,"Wittenförden","19073","Mecklenburg-Vorpommern",19073
374136,"Wittenhagen","18510","Mecklenburg-Vorpommern",18510
2411252,"Witterda","99189","Thüringen",99189
1273275,"Wittgendorf","07318","Thüringen",7318
532378,"Wittgert","56237","Rheinland-Pfalz",56237
957063,"Wittibreut","84384","Bayern",84384
1309582,"Wittichenau","02997","Sachsen",2997
319195,"Wittighausen","97957","Baden-Württemberg",97957
1392804,"Wittingen","29378","Niedersachsen",29378
1392804,"Wittingen","29379","Niedersachsen",29379
957100,"Wittislingen","89426","Bayern",89426
661036,"Wittlich","54516","Rheinland-Pfalz",54516
1130298,"Wittlingen","79599","Baden-Württemberg",79599
1432638,"Wittmar","38329","Niedersachsen",38329
310400,"Wittmoldt","24306","Schleswig-Holstein",24306
1187861,"Wittmund","26409","Niedersachsen",26409
1946227,"Wittnau","79299","Baden-Württemberg",79299
1944506,"Wittorf","21357","Niedersachsen",21357
1302376,"Wittstock/Dosse","16909","Brandenburg",16909
1467753,"Witzeeze","21514","Schleswig-Holstein",21514
549412,"Witzenhausen","37213","Hessen",37213
549412,"Witzenhausen","37214","Hessen",37214
549412,"Witzenhausen","37215","Hessen",37215
549412,"Witzenhausen","37216","Hessen",37216
549412,"Witzenhausen","37217","Hessen",37217
549412,"Witzenhausen","37218","Hessen",37218
454249,"Witzhave","22969","Schleswig-Holstein",22969
449943,"Witzin","19406","Mecklenburg-Vorpommern",19406
1177206,"Witzleben","99310","Thüringen",99310
958107,"Witzmannsberg","94104","Bayern",94104
1402990,"Witzwort","25889","Schleswig-Holstein",25889
1451568,"Wöbbelin","19288","Mecklenburg-Vorpommern",19288
1405431,"Wobbenbüll","25856","Schleswig-Holstein",25856
1419835,"Woggersin","17039","Mecklenburg-Vorpommern",17039
1157657,"Wohlde","24899","Schleswig-Holstein",24899
2856470,"Wohlsborn","99439","Thüringen",99439
321153,"Wohltorf","21521","Schleswig-Holstein",21521
1079011,"Wohnste","27419","Niedersachsen",27419
225484,"Wohratal","35288","Hessen",35288
412078,"Wöhrden","25797","Schleswig-Holstein",25797
1419605,"Wokuhl-Dabelow","17237","Mecklenburg-Vorpommern",17237
1427893,"Wolde","17091","Mecklenburg-Vorpommern",17091
1419919,"Woldegk","17348","Mecklenburg-Vorpommern",17348
445739,"Woldert","57614","Rheinland-Pfalz",57614
453007,"Wolfach","77709","Baden-Württemberg",77709
2806788,"Wolfegg","88364","Baden-Württemberg",88364
1432648,"Wolfenbüttel","38300","Niedersachsen",38300
1432648,"Wolfenbüttel","38302","Niedersachsen",38302
1432648,"Wolfenbüttel","38304","Niedersachsen",38304
533599,"Wölferlingen","56244","Rheinland-Pfalz",56244
2389091,"Wolferschwenda","99713","Thüringen",99713
29824,"Wolfersdorf","85395","Bayern",85395
2828457,"Wölfershausen","98617","Thüringen",98617
446621,"Wölfersheim","61200","Hessen",61200
962650,"Wolferstadt","86709","Bayern",86709
958688,"Wolfertschwenden","87787","Bayern",87787
452969,"Wolfhagen","34466","Hessen",34466
2800612,"Wölfis","99885","Thüringen",99885
534388,"Wolframs-Eschenbach","91639","Bayern",91639
935131,"Wolfratshausen","82515","Bayern",82515
165453,"Wolfsberg","98704","Thüringen",98704
62418,"Wolfsburg","38440","Niedersachsen",38440
62418,"Wolfsburg","38442","Niedersachsen",38442
62418,"Wolfsburg","38444","Niedersachsen",38444
62418,"Wolfsburg","38446","Niedersachsen",38446
62418,"Wolfsburg","38448","Niedersachsen",38448
2894241,"Wolfsburg-Unkeroda","99819","Thüringen",99819
2796538,"Wolfschlugen","72649","Baden-Württemberg",72649
975302,"Wolfsegg","93195","Bayern",93195
1245784,"Wolfsheim","55578","Rheinland-Pfalz",55578
1246675,"Wolfstein","67752","Rheinland-Pfalz",67752
1432365,"Wolgast","17438","Mecklenburg-Vorpommern",17438
546656,"Wolken","56332","Rheinland-Pfalz",56332
422325,"Wolkenstein","09429","Sachsen",9429
2400498,"Wolkramshausen","99735","Thüringen",99735
387430,"Wollbach","97618","Bayern",97618
1399073,"Wollbrandshausen","37434","Niedersachsen",37434
1399075,"Wollershausen","37434","Niedersachsen",37434
549038,"Wollin","14778","Brandenburg",14778
1269813,"Wollmerath","56826","Rheinland-Pfalz",56826
450114,"Wöllstadt","61206","Hessen",61206
1248623,"Wöllstein","55597","Rheinland-Pfalz",55597
418230,"Wolmersdorf","25704","Schleswig-Holstein",25704
418876,"Wölmersen","57635","Rheinland-Pfalz",57635
1357523,"Wolmirsleben","39435","Sachsen-Anhalt",39435
79789,"Wolmirstedt","39326","Sachsen-Anhalt",39326
252182,"Wolnzach","85283","Bayern",85283
389472,"Wolpertshausen","74549","Baden-Württemberg",74549
2808137,"Wolpertswende","88284","Baden-Württemberg",88284
1169361,"Wölpinghausen","31556","Niedersachsen",31556
1446632,"Wolsdorf","38379","Niedersachsen",38379
1152713,"Wolsfeld","54636","Rheinland-Pfalz",54636
1352214,"Woltersdorf","15569","Brandenburg",15569
1466177,"Woltersdorf","21516","Schleswig-Holstein",21516
1818787,"Woltersdorf","29497","Niedersachsen",29497
1245191,"Womrath","55481","Rheinland-Pfalz",55481
387770,"Wonfurt","97539","Bayern",97539
941681,"Wonneberg","83379","Bayern",83379
1022765,"Wonsees","96197","Bayern",96197
1248627,"Wonsheim","55599","Rheinland-Pfalz",55599
1245193,"Woppenroth","55490","Rheinland-Pfalz",55490
958690,"Woringen","87789","Bayern",87789
62453,"Worms","67547","Rheinland-Pfalz",67547
62453,"Worms","67549","Rheinland-Pfalz",67549
62453,"Worms","67550","Rheinland-Pfalz",67550
62453,"Worms","67551","Rheinland-Pfalz",67551
935830,"Wörnersberg","72299","Baden-Württemberg",72299
534088,"Wörnitz","91637","Bayern",91637
423194,"Worpswede","27726","Niedersachsen",27726
1250226,"Wörrstadt","55286","Rheinland-Pfalz",55286
915550,"Wört","73499","Baden-Württemberg",73499
158726,"Worth","21502","Schleswig-Holstein",21502
934776,"Wörth","85457","Bayern",85457
179302,"Wörth a.d. Isar","84109","Bayern",84109
394447,"Wörth am Main","63939","Bayern",63939
904764,"Wörth am Rhein","76744","Rheinland-Pfalz",76744
966622,"Wörth an der Donau","93086","Bayern",93086
932238,"Wörthsee","82237","Bayern",82237
1433755,"Wrangelsburg","17495","Mecklenburg-Vorpommern",17495
1424155,"Wredenhagen","17209","Mecklenburg-Vorpommern",17209
2012152,"Wrestedt","29559","Niedersachsen",29559
1460240,"Wriedel","29565","Niedersachsen",29565
1332941,"Wriezen","16269","Brandenburg",16269
450517,"Wrist","25563","Schleswig-Holstein",25563
1428593,"Wrixum","25938","Schleswig-Holstein",25938
966749,"Wrohm","25799","Schleswig-Holstein",25799
387431,"Wülfershausen an der Saale","97618","Bayern",97618
66514,"Wülfrath","42489","Nordrhein-Westfalen",42489
335212,"Wulfsen","21445","Niedersachsen",21445
450515,"Wulfsmoor","25563","Schleswig-Holstein",25563
1416138,"Wulften am Harz","37199","Niedersachsen",37199
1419841,"Wulkenzin","17039","Mecklenburg-Vorpommern",17039
551076,"Wülknitz","01609","Sachsen",1609
2410106,"Wundersleben","99610","Thüringen",99610
2790944,"Wünschendorf/Elster","07570","Thüringen",7570
1022873,"Wunsiedel","95632","Bayern",95632
73888,"Wunstorf","31515","Niedersachsen",31515
62478,"Wuppertal","42103","Nordrhein-Westfalen",42103
62478,"Wuppertal","42105","Nordrhein-Westfalen",42105
62478,"Wuppertal","42107","Nordrhein-Westfalen",42107
62478,"Wuppertal","42109","Nordrhein-Westfalen",42109
62478,"Wuppertal","42111","Nordrhein-Westfalen",42111
62478,"Wuppertal","42113","Nordrhein-Westfalen",42113
62478,"Wuppertal","42115","Nordrhein-Westfalen",42115
62478,"Wuppertal","42117","Nordrhein-Westfalen",42117
62478,"Wuppertal","42119","Nordrhein-Westfalen",42119
62478,"Wuppertal","42275","Nordrhein-Westfalen",42275
62478,"Wuppertal","42277","Nordrhein-Westfalen",42277
62478,"Wuppertal","42279","Nordrhein-Westfalen",42279
62478,"Wuppertal","42281","Nordrhein-Westfalen",42281
62478,"Wuppertal","42283","Nordrhein-Westfalen",42283
62478,"Wuppertal","42285","Nordrhein-Westfalen",42285
62478,"Wuppertal","42287","Nordrhein-Westfalen",42287
62478,"Wuppertal","42289","Nordrhein-Westfalen",42289
62478,"Wuppertal","42327","Nordrhein-Westfalen",42327
62478,"Wuppertal","42329","Nordrhein-Westfalen",42329
62478,"Wuppertal","42349","Nordrhein-Westfalen",42349
62478,"Wuppertal","42369","Nordrhein-Westfalen",42369
62478,"Wuppertal","42389","Nordrhein-Westfalen",42389
62478,"Wuppertal","42399","Nordrhein-Westfalen",42399
957061,"Wurmannsquick","84329","Bayern",84329
307898,"Wurmberg","75449","Baden-Württemberg",75449
1231950,"Wurmlingen","78573","Baden-Württemberg",78573
192243,"Wurmsham","84189","Bayern",84189
1245167,"Würrich","56858","Rheinland-Pfalz",56858
157994,"Würselen","52146","Nordrhein-Westfalen",52146
4447299,"Wurster Nordseeküste","27639","Niedersachsen",27639
2179230,"Wurzbach","07343","Thüringen",7343
62464,"Würzburg","97070","Bayern",97070
62464,"Würzburg","97072","Bayern",97072
62464,"Würzburg","97074","Bayern",97074
62464,"Würzburg","97076","Bayern",97076
62464,"Würzburg","97078","Bayern",97078
62464,"Würzburg","97080","Bayern",97080
62464,"Würzburg","97082","Bayern",97082
62464,"Würzburg","97084","Bayern",97084
422917,"Wurzen","04808","Sachsen",4808
1253974,"Würzweiler","67808","Rheinland-Pfalz",67808
1241653,"Wüschheim","55471","Rheinland-Pfalz",55471
410482,"Wüstenrot","71543","Baden-Württemberg",71543
1308889,"Wusterhausen/Dosse","16845","Brandenburg",16845
1308889,"Wusterhausen/Dosse","16866","Brandenburg",16866
1308889,"Wusterhausen/Dosse","16868","Brandenburg",16868
1432696,"Wusterhusen","17509","Mecklenburg-Vorpommern",17509
1240551,"Wustermark","14641","Brandenburg",14641
964560,"Wusterwitz","14789","Brandenburg",14789
1284754,"Wust-Fischbeck","39524","Sachsen-Anhalt",39524
2396283,"Wüstheuterode","37318","Thüringen",37318
374242,"Wustrow","18347","Mecklenburg-Vorpommern",18347
1419647,"Wustrow","17255","Mecklenburg-Vorpommern",17255
1821905,"Wustrow","29462","Niedersachsen",29462
2785261,"Wutach","79879","Baden-Württemberg",79879
1268933,"Wutha-Farnroda","99848","Thüringen",99848
2785701,"Wutöschingen","79793","Baden-Württemberg",79793
1124274,"Wyhl","79369","Baden-Württemberg",79369
1428590,"Wyk auf Föhr","25938","Schleswig-Holstein",25938
58591,"Xanten","46509","Nordrhein-Westfalen",46509
410519,"Zaberfeld","74374","Baden-Württemberg",74374
959159,"Zachenberg","94239","Bayern",94239
1607094,"Zahna-Elster","06895","Sachsen-Anhalt",6895
659840,"Zaisenhausen","75059","Baden-Württemberg",75059
961933,"Zandt","93499","Bayern",93499
940971,"Zangberg","84539","Bayern",84539
449926,"Zapel","19089","Mecklenburg-Vorpommern",19089
1077536,"Zapfendorf","96199","Bayern",96199
393341,"Zarnewanz","18195","Mecklenburg-Vorpommern",18195
532392,"Zarpen","23619","Schleswig-Holstein",23619
374599,"Zarrendorf","18510","Mecklenburg-Vorpommern",18510
1451545,"Zarrentin am Schaalsee","19246","Mecklenburg-Vorpommern",19246
1332938,"Zechin","15328","Brandenburg",15328
2804640,"Zedlitz","07557","Thüringen",7557
1316017,"Zehdenick","16792","Brandenburg",16792
1964782,"Zehna","18276","Mecklenburg-Vorpommern",18276
533269,"Zehnhausen bei Rennerod","56477","Rheinland-Pfalz",56477
534492,"Zehnhausen bei Wallmerod","56414","Rheinland-Pfalz",56414
1284764,"Zehrental","39615","Sachsen-Anhalt",39615
388844,"Zeil am Main","97475","Bayern",97475
957071,"Zeilarn","84367","Bayern",84367
1250385,"Zeiskam","67378","Rheinland-Pfalz",67378
551072,"Zeithain","01619","Sachsen",1619
966595,"Zeitlarn","93197","Bayern",93197
384269,"Zeitlofs","97799","Bayern",97799
2404586,"Zeitz","06711","Sachsen-Anhalt",6711
2404586,"Zeitz","06712","Sachsen-Anhalt",6712
961327,"Zell","93199","Bayern",93199
181162,"Zell a. Main","97299","Bayern",97299
1270652,"Zella-Mehlis","98544","Thüringen",98544
453018,"Zell am Harmersbach","77736","Baden-Württemberg",77736
2900136,"Zella/Rhön","36452","Thüringen",36452
1254390,"Zellertal","67308","Rheinland-Pfalz",67308
1021693,"Zell im Fichtelgebirge","95239","Bayern",95239
1226078,"Zell im Wiesental","79669","Baden-Württemberg",79669
335436,"Zellingen","97225","Bayern",97225
1269737,"Zell (Mosel)","56856","Rheinland-Pfalz",56856
1269737,"Zell (Mosel)","56858","Rheinland-Pfalz",56858
1269737,"Zell (Mosel)","56859","Rheinland-Pfalz",56859
2792704,"Zell unter Aichelberg","73087","Baden-Württemberg",73087
2792704,"Zell unter Aichelberg","73119","Baden-Württemberg",73119
1258363,"Zeltingen-Rachtig","54492","Rheinland-Pfalz",54492
1258363,"Zeltingen-Rachtig","54539","Rheinland-Pfalz",54539
1432369,"Zemitz","17440","Mecklenburg-Vorpommern",17440
1255879,"Zemmer","54313","Rheinland-Pfalz",54313
1433097,"Zempin","17459","Mecklenburg-Vorpommern",17459
1140570,"Zendscheid","54655","Rheinland-Pfalz",54655
958944,"Zenting","94579","Bayern",94579
1963819,"Zepelin","18246","Mecklenburg-Vorpommern",18246
1424139,"Zepkow","17209","Mecklenburg-Vorpommern",17209
1070782,"Zerbst/Anhalt","39261","Sachsen-Anhalt",39261
1070782,"Zerbst/Anhalt","39264","Sachsen-Anhalt",39264
1256076,"Zerf","54314","Rheinland-Pfalz",54314
1818809,"Zernien","29499","Niedersachsen",29499
1302366,"Zernitz-Lohm","16845","Brandenburg",16845
1410902,"Zerrenthin","17309","Mecklenburg-Vorpommern",17309
1332930,"Zeschdorf","15326","Brandenburg",15326
1187413,"Zetel","26340","Niedersachsen",26340
1427699,"Zettemin","17153","Mecklenburg-Vorpommern",17153
1259831,"Zettingen","56761","Rheinland-Pfalz",56761
414701,"Zettlitz","09306","Sachsen",9306
1329613,"Zeulenroda-Triebes","07937","Thüringen",7937
1329613,"Zeulenroda-Triebes","07950","Thüringen",7950
55775,"Zeuthen","15738","Brandenburg",15738
965599,"Zeven","27404","Niedersachsen",27404
1334116,"Zichow","16306","Brandenburg",16306
1444878,"Zickhusen","19069","Mecklenburg-Vorpommern",19069
2778494,"Ziegelheim","04618","Thüringen",4618
449891,"Ziegendorf","19372","Mecklenburg-Vorpommern",19372
416406,"Ziegenhain","57632","Rheinland-Pfalz",57632
2179231,"Ziegenrück","07924","Thüringen",7924
1286662,"Zielitz","39326","Sachsen-Anhalt",39326
963833,"Ziemetshausen","86473","Bayern",86473
454616,"Zierenberg","34289","Hessen",34289
1479678,"Zierow","23968","Mecklenburg-Vorpommern",23968
957096,"Ziertheim","89446","Bayern",89446
1451535,"Zierzow","19300","Mecklenburg-Vorpommern",19300
946195,"Ziesar","14793","Brandenburg",14793
394323,"Ziesendorf","18059","Mecklenburg-Vorpommern",18059
1318346,"Ziethen","16247","Brandenburg",16247
1433752,"Ziethen","17390","Mecklenburg-Vorpommern",17390
1476161,"Ziethen","23911","Schleswig-Holstein",23911
1266515,"Zilshausen","56288","Rheinland-Pfalz",56288
1384815,"Ziltendorf","15295","Brandenburg",15295
2778458,"Zimmern","07778","Thüringen",7778
943738,"Zimmern ob Rottweil","78652","Baden-Württemberg",78652
943738,"Zimmern ob Rottweil","78658","Baden-Württemberg",78658
2818339,"Zimmernsupra","99100","Thüringen",99100
2781605,"Zimmern unter der Burg","72369","Baden-Württemberg",72369
540051,"Zimmerschied","56379","Rheinland-Pfalz",56379
374275,"Zingst","18374","Mecklenburg-Vorpommern",18374
1432810,"Zinnowitz","17454","Mecklenburg-Vorpommern",17454
1433094,"Zirchow","17419","Mecklenburg-Vorpommern",17419
1437795,"Zirkow","18528","Mecklenburg-Vorpommern",18528
3351257,"Zirndorf","90513","Bayern",90513
1419831,"Zirzow","17039","Mecklenburg-Vorpommern",17039
1424396,"Zislow","17209","Mecklenburg-Vorpommern",17209
418117,"Zittau","02763","Sachsen",2763
418117,"Zittau","02788","Sachsen",2788
449913,"Zölkow","19374","Mecklenburg-Vorpommern",19374
29831,"Zolling","85406","Bayern",85406
2778459,"Zöllnitz","07751","Thüringen",7751
1329608,"Zörbig","06780","Sachsen-Anhalt",6780
929912,"Zorneding","85604","Bayern",85604
1245313,"Zornheim","55270","Rheinland-Pfalz",55270
956143,"Zöschingen","89447","Bayern",89447
176781,"Zossen","15806","Brandenburg",15806
1245780,"Zotzenheim","55576","Rheinland-Pfalz",55576
415412,"Zschaitz-Ottewig","04720","Sachsen",4720
445994,"Zschepplin","04838","Sachsen",4838
422355,"Zschopau","09405","Sachsen",9405
422355,"Zschopau","09434","Sachsen",9434
419013,"Zschorlau","08321","Sachsen",8321
1451511,"Zülow","19073","Mecklenburg-Vorpommern",19073
158138,"Zülpich","53909","Nordrhein-Westfalen",53909
1504916,"Zurow","23992","Mecklenburg-Vorpommern",23992
956859,"Zusamaltheim","86637","Bayern",86637
1257089,"Züsch","54422","Rheinland-Pfalz",54422
537904,"Zusmarshausen","86441","Bayern",86441
1515590,"Züsow","23992","Mecklenburg-Vorpommern",23992
1433754,"Züssow","17495","Mecklenburg-Vorpommern",17495
453376,"Zuzenhausen","74939","Baden-Württemberg",74939
62719,"Zweibrücken","66482","Rheinland-Pfalz",66482
1171875,"Zweifelscheid","54673","Rheinland-Pfalz",54673
377169,"Zweiflingen","74639","Baden-Württemberg",74639
420477,"Zwenkau","04442","Sachsen",4442
397076,"Zwickau","08056","Sachsen",8056
397076,"Zwickau","08058","Sachsen",8058
397076,"Zwickau","08060","Sachsen",8060
397076,"Zwickau","08062","Sachsen",8062
397076,"Zwickau","08064","Sachsen",8064
397076,"Zwickau","08066","Sachsen",8066
2778122,"Zwiefalten","88529","Baden-Württemberg",88529
959161,"Zwiesel","94227","Bayern",94227
403750,"Zwingenberg","69439","Baden-Württemberg",69439
537054,"Zwingenberg","64673","Hessen",64673
536015,"Zwönitz","08297","Sachsen",8297
